0.717592593
1.116898148
1.116898148
1.371527778
0.862268519
0.850694444
0.850694444
0.850694444
0.451388889
0.850694444
0.584490741
0.694444444
0.561342593
0.601851852
0.601851852
0.601851852
0.601851852
0.601851852
0.601851852
0.601851852
0.46875
0.335648148
0.601851852
0.601851852
0.335648148
0.601851852
0.335648148
0.46875
0.601851852
0.601851852
0.601851852
0.868055556
0.601851852
0.601851852
0.601851852
0.601851852
0.335648148
0.491898148
0.497685185
0.497685185
0.491898148
0.491898148
0.46875
0.734953704
0.543981481
0.856481481
1.070601852
0.711805556
0.630787037
0.630787037
0.46875
0.601851852
0.46875
0.601851852
0.601851852
0.46875
0.46875
0.601851852
0.474537037
0.399305556
0.46875
0.335648148
0.497685185
0.462962963
0.3125
0.3125
0.3125
0.578703704
0.3125
0.3125
0.578703704
0.3125
0.3125
0.324074074
0.480324074
0.613425926
0.347222222
0.480324074
0.3125
0.3125
0.434027778
0.434027778
0.300925926
0.300925926
0.347222222
0.428240741
0.601851852
1.782407407
1.93287037
1.666666667
1.365740741
1.365740741
1.232638889
1.064814815
0.920138889
1.053240741
0.920138889
0.868055556
0.665509259
4.126157407
30.04050926
4.93287037
3.325231481
2.296296296
2.145833333
2.12962963
2.103009259
2.002314815
1.68287037
3.925925926
15.89583333
45.01388889
8.469907407
7.076388889
4.270833333
3.780092593
4.039351852
2.710648148
2.555555556
2.020833333
2.020833333
1.550925926
1.777777778
2.113425926
0.951388889
1.400462963
1
1.50462963
1.388888889
0.94212963
0.895833333
1.159722222
1.090277778
1.284722222
1.331018519
1.081018519
0.976851852
0.736111111
1.05787037
0.576388889
0.736111111
0.712962963
0.828703704
1.023148148
0.222222222
0.405092593
0.222222222
0.291666667
0.694444444
1.365740741
0.611111111
0.611111111
0.416666667
0.611111111
0.143518519
0.289351852
0.173611111
0.231481481
1.064814815
0.287037037
0.583333333
0.217592593
0.138888889
0.081018519
0.196759259
0.185185185
0.185185185
0.456018519
0.363425926
0.363425926
0.358796296
0.300925926
0.300925926
0.300925926
0.19212963
0.305555556
0.189814815
0.189814815
0.231481481
0.236111111
0.125
0.122685185
0.145833333
0.296296296
0.173611111
0.282407407
0.05787037
0.12037037
0.115740741
0.12962963
0.092592593
0.092592593
0.208333333
0.162037037
0.115740741
0.081018519
0.115740741
0.092592593
0.134259259
0.090277778
0.090277778
0.090277778
0.090277778
0.090277778
0.090277778
0.090277778
0.069444444
0.074074074
0.070601852
0.078703704
0.069444444
0.064814815
0.064814815
0.063657407
0.346064815
0.438657407
0.075231481
0.075231481
0.159722222
0.164351852
0.115740741
0.081018519
0.05787037
0.144675926
0.144675926
0.115740741
0.833333333
0.069444444
0.104166667
0.243055556
0.428240741
0.081018519
0.115740741
0.150462963
0.266203704
0.150462963
0.150462963
0.150462963
0.150462963
0.266203704
0.266203704
0.150462963
0.150462963
0.127314815
0.127314815
0.127314815
0.173611111
0.138888889
0.115740741
0.127314815
0.150462963
0.115740741
0.05787037
0.061342593
0.146990741
0.069444444
0.069444444
0.061342593
0.069444444
0.069444444
0.077546296
0.282407407
0.143518519
0.52662037
0.146990741
0.180555556
0.152777778
0.125
0.152777778
0.122685185
0.085648148
0.094907407
0.094907407
0.094907407
0.090277778
0.090277778
0.071759259
0.115740741
0.114583333
0.101851852
0.101851852
0.295138889
0.101851852
0.100694444
0.101851852
0.100694444
0.078703704
0.100694444
0.100694444
0.078703704
0.078703704
0.078703704
0.189814815
0.469907407
0.189814815
0.113425926
0.097222222
0.06712963
0.465277778
0.166666667
0.3125
0.090277778
0.090277778
0.092592593
0.092592593
0.613425926
0.094907407
0.091435185
0.092592593
0.100694444
0.135416667
0.135416667
0.230324074
0.228009259
0.219907407
0.219907407
0.228009259
0.228009259
0.229166667
3.680555556
11.9212963
4.675925926
2.013888889
1.469907407
0.983796296
0.77662037
0.282407407
0.506944444
0.810185185
0.694444444
0.384259259
5.740740741
7.060185185
4.074074074
8.275462963
12.33796296
12.46527778
3.645833333
2.488425926
3.935185185
4.282407407
3.831018519
4.74537037
36.74768519
101.0416667
22.56944444
13.77314815
31.25
13.77314815
7.349537037
7.060185185
7.060185185
7.291666667
7.789351852
7.407407407
8.391203704
4.814814815
2.268518519
35.33564815
45.13888889
49.86111111
23.26388889
15.94907407
11.65509259
8.171296296
