19.3287037
4.050925926
5.474537037
3.090277778
2.233796296
1.701388889
1.493055556
1.851851852
1.655092593
1.840277778
1.319444444
1.134259259
1.597222222
0.925925926
1.400462963
1.168981481
0.960648148
1.122685185
0.960648148
0.590277778
1.134259259
0.775462963
0.601851852
0.787037037
1.145833333
1.134259259
1.157407407
0.983796296
0.636574074
1.365740741
16.35416667
9.409722222
6.168981481
5.844907407
9.201388889
6.134259259
5.393518519
5.231481481
5.902777778
5.763888889
5.428240741
5.023148148
5.266203704
7.395833333
14.6412037
15.91435185
16.34259259
12.83564815
14.03935185
13.98148148
16.79398148
55.37037037
22.71990741
16.40046296
12.62731481
10.87962963
9.351851852
9.259259259
8.923611111
8.078703704
7.394490741
6.988043981
6.340104167
4.348564815
5.655717593
5.453414352
5.151631944
4.964884259
5.832303241
6.014050926
6.70693287
8.524178241
13.70728009
15.82715278
11.87247685
35.72091435
42.66515046
21.06758102
18.47414352
17.44434028
14.9137963
11.68890046
11.00321759
11.37240741
10.94028935
11.41769676
11.73980324
18.28706019
16.10229167
14.55949074
12.533125
9.205601852
8.856539352
55.05921296
25.8046412
17.37974537
15.4015625
12.06074074
10.90381944
10.10084491
9.673622685
9.92787037
9.164351852
10.43722222
7.164618056
9.694895833
20.10319444
9.248194444
6.433877315
7.225173611
7.21556713
5.608935185
4.149351852
5.819675926
5.668217593
5.289606481
5.07912037
5.078275463
5.088344907
5.066412037
5.073935185
6.174097222
6.938043981
6.244131944
5.585613426
5.31306713
5.060046296
5.088981481
4.777141204
4.372372685
4.295509259
4.602164352
24.26769676
13.38871528
9.175972222
7.753125
6.54181713
5.450810185
5.100555556
5.097083333
5.068148148
4.771354167
4.3746875
4.292037037
4.292037037
4.292037037
4.311712963
3.92505787
3.5784375
4.127893519
3.823391204
3.626354167
4.0375
3.481979167
3.483865741
3.060763889
2.732037037
2.873611111
2.402835648
2.829699074
2.79037037
2.313344907
1.963229167
1.963865741
1.996469907
2.303136574
2.488622685
1.419699074
1.507465278
1.1346875
1.108506944
0.793020833
0.472662037
0.451203704
0.241631944
0.485150463
0.270787037
0.270856481
0.4478125
0.635671296
0.449456019
0.375891204
0.629814815
0.46806713
0.49037037
0.499375
0.498819444
0.702881944
0.514548611
0.303518519
1.296006944
0.745983796
0.804212963
0.707013889
0.630509259
0.55181713
0.5165625
0.61818287
0.681122685
0.515
0.541053241
0.683842593
0.570555556
0.673263889
0.515914352
0.574166667
0.516712963
0.744965278
0.512361111
0.530462963
0.503715278
0.496134259
0.504837963
0.102002315
0.35462963
0.042048611
0.215451389
0.211770833
0.390081019
0.0315625
0.506956019
0.464537037
0.060648148
0.541539352
0.224814815
0.497488426
0.294363426
0.224548611
0.708321759
0.143622685
0.352326389
0.289131944
0.241331019
0.380138889
0.263032407
0.237986111
0.25212963
0.443773148
0.4665625
0.218784722
0.286157407
0.177777778
0.454895833
0.1546875
0.204733796
0.084212963
0.230219907
0.221168981
0.140983796
0.541608796
0.175914352
0.16318287
0.015358796
0.220671296
0.136226852
0.076666667
0.128854167
0.144444444
0.494212963
0.499652778
0.488946759
0.366759259
0.61681713
0.748344907
0.732141204
0.423321759
0.693263889
0.3690625
0.352858796
0.315706019
0.54744213
0.836979167
0.571574074
0.372881944
0.275844907
0.62375
0.26375
0.783576389
7.408657407
31.58336806
3.27974537
1.862928241
6.162974537
2.896967593
1.702002315
1.357962963
1.042592593
0.815752315
0.913553241
0.003587963
1.720555556
0.780972222
1.952731481
1.167361111
1.378796296
1.035416667
0.897928241
0.89849537
0.750902778
0.736840278
0.907708333
0.611527778
0.738645833
0.767511574
0.752673611
0.769166667
0.750648148
0.525949074
0.496782407
0.588449074
0.593425926
0.650821759
0.789131944
0.490532407
0.607662037
0.670092593
0.624965278
0.616689815
0.492847222
0.629699074
0.597303241
0.635833333
0.503622685
0.588553241
5.864837963
2.846747685
25.93815972
12.94824074
7.177372685
5.810949074
3.118472222
30.08163194
11.06594907
19.87866898
13.85295139
43.71247685
32.79711806
20.48025463
12.43743056
9.163993056
8.338912037
6.729560185
6.257662037
7.692002315
13.79474537
22.27143519
10.98349537
9.206655093
6.957291667
32.75072917
18.9915625
11.50775463
9.032986111
7.981886574
8.104340278
9.28162037
8.964027778
6.960277778
6.186319444
12.77199074
15.91825231
10.461875
8.824525463
7.977546296
8.818738426
10.18938657
