4.258449074
4.584722222
8.771608796
40.1446412
15.79251157
10.26230324
8.421412037
6.893530093
6.157037037
5.639328704
4.939178241
5.072719907
5.128506944
9.930590278
6.282939815
11.83265046
5.404212963
4.956875
5.039675926
4.732210648
4.690011574
4.651527778
4.652743056
4.326967593
4.213865741
4.209513889
4.221875
4.521319444
6.918217593
5.795706019
4.901516204
5.057037037
4.726539352
5.766284722
6.874571759
8.068414352
12.301875
10.74084491
8.548796296
17.4349537
15.70590278
45.82074074
20.06109954
12.20980324
10.61206019
9.908310185
10.56541667
9.794282407
9.215092593
9.324930556
7.811898148
8.759780093
8.435972222
13.1740625
11.6271412
8.212743056
12.27628472
10.75579861
8.943240741
7.787951389
7.578414352
7.543171296
7.532175926
7.557696759
14.22811343
19.23114583
17.63680556
11.79390046
10.53769676
8.939224537
8.112523148
9.128368056
8.657673611
8.172013889
7.457824074
9.776203704
11.77295139
11.18458333
11.14725694
11.48042824
10.5822338
11.05561343
19.40414352
12.76549769
11.66991898
10.86082176
9.740706019
9.915185185
8.776203704
0.152824074
7.409895833
7.024722222
7.157569444
6.91630787
6.497453704
6.307060185
6.306076389
6.316608796
6.646446759
9.925729167
9.937418981
8.791736111
8.132708333
17.57293981
10.72119213
9.109305556
8.084444444
12.59451389
19.81831019
11.19585648
8.819293981
7.369212963
7.367013889
8.110798611
11.23302083
16.02833333
11.32818287
8.709039352
8.603506944
7.185219907
13.9825
5.540671296
5.806701389
5.739398148
5.769270833
9.088935185
7.00318287
11.10371528
8.380405093
6.371944444
6.036678241
4.967361111
4.157650463
3.954340278
4.496643519
4.34837963
4.107986111
3.956608796
3.960625
3.968888889
3.957465278
3.957476852
3.921006944
3.994212963
3.957777778
3.957708333
3.713969907
3.605347222
3.616030093
3.643981481
3.60431713
3.177951389
2.474652778
2.103159722
2.09337963
1.71724537
1.557349537
1.592060185
1.617037037
1.55787037
1.593333333
1.612106481
1.263020833
1.067372685
1.101354167
0.65193287
0.783240741
1.763912037
1.575960648
1.564699074
1.262847222
0.862569444
0.704675926
0.679652778
0.336828704
0.515833333
0.53130787
0.563831019
0.631655093
0.04943287
0.173275463
0.411394676
0.546296296
0.60943287
0.410179398
0.683304398
0.27880787
0.301956019
0.593113426
0.593402778
0.625706019
0.614351852
0.055266204
0.513622685
0.377118056
0.383263889
0.22443287
0.236608796
0.648078704
0.668877315
0.183553241
0.309918981
0.525115741
0.983738426
0.821122685
0.959814815
0.965532407
0.654282407
0.784224537
0.9628125
0.961388889
0.962488426
0.961296296
0.606574074
0.420717593
0.240555556
0.064560185
0.061284722
0.419490741
0.422534722
0.416793981
0.243715278
0.237569444
0.321516204
0.131805556
0.418923611
0.051342593
0.288009259
0.043148148
0.281041667
0.289513889
0.082326389
0.175104167
0.347233796
0.044293981
0.348113426
0.2228125
0.169351852
0.219236111
0.162534722
0.225173611
0.691944444
0.184641204
0.055358796
0.229780093
0.046446759
0.226909722
0.226840278
0.227141204
0.228703704
0.102268519
0.102523148
0.282743056
0.30025463
0.832766204
0.645069444
0.500752315
0.350740741
0.350138889
0.498622685
0.352071759
0.351666667
0.202581019
0.201793981
0.651122685
0.495162037
0.20349537
0.350601852
0.192037037
0.355891204
0.260486111
0.405694444
0.262060185
0.10744213
0.173171296
0.354131944
0.522407407
0.311597222
0.016701389
0.312905093
0.166886574
0.314837963
0.241493056
0.143055556
0.313449074
0.313449074
0.31587963
0.314363426
0.184108796
0.529826389
0.272372685
0.313206019
0.314837963
0.314837963
0.775486111
0.457164352
0.360555556
0.203148148
0.152581019
0.313206019
0.609502315
0.46193287
0.316458333
0.071215278
0.475011574
0.448622685
0.313680556
0.314259259
0.455451389
0.167268519
0.388460648
0.512627315
0.606840278
0.761226852
0.29724537
0.451631944
0.297465278
0.388923611
0.424201389
0.909722222
0.771898148
0.886076389
1.059710648
9.079375
2.022638889
1.446018519
11.1774537
2.257511574
1.211712963
1.067430556
0.920763889
0.626747685
0.794560185
0.701273148
0.604050926
0.574201389
0.719791667
0.579861111
0.704525463
0.820023148
0.76099537
0.7625
0.76400463
0.583680556
3.006273148
4.79994213
1.710798611
1.793981481
1.950439815
7.177106481
6.092858796
12.91609954
4.896585648
3.012118056
4.169502315
4.13974537
2.669953704
2.649583333
2.145659722
3.677199074
6.233252315
3.207638889
18.15221065
16.56346065
9.673414352
