2.938425926
3.749768519
4.594675926
4.917592593
4.225925926
50.92060185
7.791666667
15.77800926
14.68125
28.81840278
26.30902778
29.11539352
23.64884259
35.87650463
36.01724537
32.99699074
118.9699074
34.66643519
26.54976852
17.82905093
26.51527778
14.09537037
12.01168981
8.50625
9.001041667
9.878935185
13.96724537
36.55648148
27.73703704
33.51412037
36.21608796
33.36655093
28.02777778
28.75532407
18.82662037
9.78587963
7.55787037
8.263888889
7.407407407
6.689814815
6.680555556
11.62037037
41.74537037
32.43055556
13.3912037
11.16898148
16.28472222
10.96064815
9.039351852
7.143518519
6.229166667
5.111111111
4.791666667
3.25
4.296296296
4.175925926
3.268518519
2.097222222
3.444444444
4.611111111
3.074074074
5.023148148
8.680555556
6.041666667
5.416666667
1.805555556
4.097222222
4.791666667
6.898148148
9.398148148
29.09722222
31.0462963
68.74652778
15.1400463
12.81134259
13.21990741
22.83912037
23.33680556
16.88078704
28.34837963
40.48148148
30.39467593
18.22106481
14.86574074
15.62037037
14.73032407
11.62037037
9.960648148
8.930555556
9.37037037
8.702546296
7.721064815
7.940972222
7.18287037
7.402777778
7.402777778
6.487268519
6.707175926
6.707175926
5.896990741
5.41087963
5.630787037
7.146990741
5.896990741
6.927083333
30.41782407
81.69328704
104.4363426
80.11111111
19.69212963
21.12037037
15.09027778
13.41087963
13.21990741
10.37037037
10.40046296
9.780092593
9.150462963
9.37037037
8.519675926
8.74
7.890092593
6.410185185
6.85
6.85
6.85
6.85
6.85
6.85
6.85
6.85
6.85
6.030092593
4.820185185
5.26
4.450092593
4.67
6.909722222
4.820185185
5.26
4.450092593
4.67
3.440185185
3.88
3.230092593
2.880092593
11.99888889
3.720648148
4.450092593
4.050092593
3.660092593
3.879976852
3.879976852
3.879976852
3.525462963
3.712037037
1.722222222
2.162037037
2.30150463
1.624305556
1.408796296
1.171064815
1.050925926
1.001157407
0.880787037
0.787037037
0.590277778
0.501157407
0.472222222
0.445601852
0.400462963
0.387731481
0.358796296
0.347222222
0.37037037
0.392361111
0.414351852
0.428240741
0.388888889
0.33912037
0.328703704
0.334490741
0.425925926
0.425925926
0.34375
0.412615741
0.331597222
0.411574074
0.330555556
0.341203704
0.351851852
0.398148148
0.246527778
0.350694444
0.245601852
0.360416667
0.360416667
0.244675926
0.358333333
0.358333333
0.358333333
0.357407407
0.345833333
0.29849537
0.263773148
0.297453704
0.262731481
0.262731481
0.255787037
0.237268519
0.237268519
0.296296296
NaN
NaN
NaN
NaN
NaN
NaN
NaN
NaN
NaN
NaN
NaN
NaN
NaN
NaN
NaN
NaN
NaN
NaN
NaN
NaN
NaN
NaN
NaN
NaN
NaN
NaN
NaN
NaN
NaN
NaN
NaN
NaN
NaN
NaN
NaN
NaN
NaN
NaN
NaN
NaN
NaN
NaN
NaN
NaN
NaN
NaN
NaN
NaN
NaN
NaN
NaN
NaN
NaN
NaN
NaN
NaN
NaN
NaN
NaN
NaN
NaN
NaN
NaN
NaN
NaN
NaN
NaN
NaN
NaN
NaN
NaN
NaN
NaN
NaN
NaN
NaN
NaN
NaN
NaN
NaN
NaN
NaN
NaN
NaN
NaN
NaN
NaN
NaN
NaN
NaN
NaN
NaN
NaN
NaN
NaN
NaN
NaN
NaN
NaN
NaN
NaN
NaN
NaN
NaN
NaN
NaN
NaN
NaN
NaN
NaN
NaN
NaN
NaN
NaN
NaN
NaN
NaN
NaN
NaN
NaN
NaN
NaN
NaN
NaN
NaN
NaN
NaN
NaN
NaN
NaN
NaN
NaN
NaN
NaN
NaN
NaN
NaN
NaN
NaN
NaN
NaN
NaN
NaN
NaN
NaN
NaN
NaN
NaN
NaN
NaN
NaN
NaN
NaN
