6.527777778
8.80787037
7.824074074
7.685185185
3.912037037
4.270833333
4.259259259
3.993055556
3.587962963
3.587962963
3.18287037
3.865740741
3.460648148
2.962962963
60.84490741
41.5162037
18.69212963
8.530092593
8.298611111
8.657407407
7.511574074
6.944444444
6.331018519
5.787037037
5.011574074
3.877314815
3.310185185
2.962962963
3.738425926
3.263888889
2.951388889
1.747685185
1.921296296
1.215277778
1.145833333
1.666666667
1.898148148
1.331018519
2.291666667
21.37731481
11.09953704
8.657407407
6.550925926
15.5787037
5.219907407
5.509259259
3.69212963
12.06018519
22.39583333
11.12268519
7.106481481
7.44212963
14.46759259
9.502314815
7.685185185
5.462962963
5.474537037
6.342592593
6.134259259
4.421296296
4.814814815
4.444444444
2.986111111
4.710648148
2.581018519
3.4375
3.831018519
4.016203704
3.819444444
3.888888889
3.18287037
4.421296296
3.101851852
3.171296296
3.113425926
3.518518519
2.835648148
2.511574074
3.333333333
3.333333333
3.055555556
2.256944444
2.8125
2.928240741
1.886574074
1.990740741
1.990740741
1.956018519
1.944444444
2.118055556
1.736111111
1.574074074
1.793981481
1.62037037
1.793981481
2.268518519
16.72453704
7.974537037
4.340277778
3.240740741
2.708333333
6.770833333
11.53935185
33.68055556
53.98148148
36.27314815
20.99537037
18.18287037
46.80555556
19.3287037
29.44444444
15.82175926
12.4537037
11.74768519
10.2662037
9.953703704
16.96759259
22.70833333
15.77546296
10.74074074
9.502314815
8.842592593
8.090277778
7.928240741
7.256944444
6.203703704
6.076388889
13.57638889
8.969907407
6.93287037
6.157407407
5.428240741
4.837962963
4.930555556
5.3125
4.988425926
4.94212963
4.930555556
4.94212963
5.590277778
5.138888889
4.930555556
4.224537037
4.386574074
4.664351852
4.212962963
4.143518519
4.31712963
4.270833333
4.131944444
4.050925926
3.923611111
3.715277778
3.703703704
3.715277778
3.530092593
3.368055556
3.368055556
2.962962963
2.569444444
2.569444444
2.569444444
2.569444444
2.569444444
2.569444444
2.581018519
1.805555556
1.805555556
1.30787037
1.076388889
1.076388889
1.076388889
1.076388889
0.868055556
0.740740741
0.740740741
0.706018519
0.532407407
0.56712963
0.405092593
0.439814815
0.37037037
0.335648148
0.347222222
0.486111111
0.486111111
0.347222222
0.486111111
0.347222222
0.219907407
0.219907407
0.219907407
0.219907407
0.162037037
0.462962963
0.243055556
0.462962963
0.231481481
0.497685185
0.497685185
0.509259259
0.405092593
0.405092593
0.717592593
0.613425926
0.601851852
0.590277778
0.462962963
0.289351852
1.273148148
0.578703704
0.601851852
0.520833333
0.520833333
0.520833333
0.555555556
0.532407407
0.601851852
0.578703704
0.520833333
0.520833333
0.347222222
0.625
0.243055556
0.509259259
1.076388889
0.740740741
1.122685185
0.960648148
0.763888889
0.590277778
0.590277778
0.9375
0.810185185
0.625
0.462962963
0.601851852
0.625
0.393518519
0.648148148
0.509259259
0.277777778
0.405092593
0.289351852
0.289351852
0.173611111
0.289351852
0.289351852
0.173611111
0.289351852
0.289351852
0.289351852
0.162037037
0.173611111
0.162037037
0.162037037
0.162037037
0.162037037
0.185185185
0.243055556
0.138888889
0.185185185
0.208333333
0.208333333
0.208333333
0.208333333
0.231481481
0.208333333
0.208333333
0.208333333
0.208333333
0.208333333
0.208333333
0.208333333
0.208333333
0.208333333
0.185185185
0.231481481
0.185185185
0.185185185
0.185185185
0.185185185
0.185185185
0.138888889
0.138888889
0.138888889
0.138888889
0.138888889
0.138888889
0.138888889
0.138888889
0.138888889
0.138888889
0.138888889
0.902777778
0.625
0.405092593
0.289351852
0.185185185
0.185185185
0.185185185
0.185185185
0.347222222
0.347222222
0.231481481
0.231481481
0.231481481
0.231481481
0.05787037
0.462962963
0.25462963
0.694444444
0.439814815
0.37037037
0.347222222
0.324074074
0.289351852
0.289351852
0.231481481
0.405092593
2.175925926
6.689814815
1.724537037
0.949074074
0.763888889
5.694444444
8.229166667
4.305555556
31.96759259
15.30092593
4.189814815
2.291666667
1.840277778
1.689814815
1.423611111
1.493055556
0.752314815
0.775462963
0.960648148
0.902777778
1.099537037
0.671296296
0.798611111
0.578703704
0.798611111
0.717592593
0.56712963
0.462962963
0.740740741
0.810185185
0.428240741
0.625
0.763888889
1.793981481
5.25462963
4.94212963
2.986111111
4.837962963
3.831018519
2.696759259
2.222222222
2.303240741
1.851851852
1.597222222
0.914351852
