1.377314815
1.226851852
0.856481481
1.203703704
1.342592593
1.226851852
1.226851852
1.284722222
1.19212963
1.168981481
1.342592593
1.215277778
1.064814815
1.157407407
1.180555556
1.168981481
1.168981481
1.157407407
1.215277778
1.064814815
1.018518519
2.118055556
6.944444444
6.585648148
8.877314815
10.49768519
5.601851852
4.189814815
2.939814815
2.511574074
2.5
2.233796296
1.81712963
1.5625
1.574074074
1.909722222
1.701388889
1.273148148
1.296296296
1.273148148
1.273148148
1.25
1.064814815
0.949074074
0.949074074
1.898148148
1.886574074
1.006944444
1.539351852
1.319444444
1.331018519
1.134259259
0.983796296
1.111111111
0.99537037
0.983796296
0.983796296
0.636574074
0.9375
1.319444444
0.787037037
0.787037037
0.844907407
0.983796296
0.972222222
0.648148148
0.740740741
1.458333333
1.111111111
1.099537037
1.481481481
1.111111111
1.030092593
0.99537037
1.134259259
0.798611111
1.111111111
0.648148148
1.018518519
0.763888889
0.752314815
0.87962963
0.798611111
0.798611111
0.833333333
0.763888889
1.863425926
2.511574074
1.655092593
1.493055556
1.122685185
1.180555556
1.5625
1.354166667
1.909722222
1.377314815
1.111111111
1.481481481
1.5625
1.388888889
10.85648148
27.5
62.68518519
13.64583333
10.45138889
8.900462963
7.326388889
6.168981481
7.685185185
6.747685185
14.375
9.675925926
6.782407407
5.706018519
4.699074074
4.826388889
4.930555556
4.560185185
4.143518519
3.715277778
3.703703704
3.726851852
4.224537037
4.583333333
4.108796296
3.69212963
2.476851852
2.222222222
2.152777778
2.094907407
2.268518519
2.210648148
2.164351852
1.655092593
1.678240741
1.666666667
1.30787037
1.145833333
1.203703704
2.12962963
2.141203704
1.770833333
2.175925926
2.384259259
2.24537037
2.12962963
2.233796296
2.24537037
2.222222222
1.770833333
1.863425926
1.284722222
1.296296296
0.810185185
0.439814815
0.462962963
0.381944444
0.416666667
0.243055556
0.37037037
0.277777778
0.347222222
0.185185185
0.694444444
0.034722222
0.451388889
0.069444444
0.219907407
0.219907407
0.208333333
0.648148148
1.134259259
0.497685185
0.497685185
0.115740741
0.428240741
0.219907407
0.104166667
0.115740741
0.601851852
0.578703704
0.56712963
0.393518519
0.381944444
0.37037037
0.347222222
0.381944444
0.150462963
0.324074074
0.173611111
0.3125
0.335648148
0.243055556
0.162037037
0.069444444
0.150462963
0.173611111
0.138888889
0.138888889
0.208333333
0.05787037
0.092592593
0.138888889
0.138888889
0.138888889
0.185185185
0.115740741
0.115740741
0.092592593
0.081018519
0.104166667
0.081018519
0.069444444
0.069444444
0.081018519
0.393518519
0.439814815
6.354166667
1.053240741
0.578703704
0.532407407
0.081018519
0.173611111
0.05787037
0.115740741
0.173611111
0.138888889
0.069444444
0.185185185
0.787037037
0.185185185
0.023148148
0.138888889
0.150462963
0.104166667
0.173611111
0.185185185
0.127314815
0.185185185
0.162037037
0.324074074
0.243055556
0.185185185
0.092592593
0.324074074
0.081018519
0.185185185
0.300925926
0.138888889
0.266203704
0.636574074
0.671296296
0.810185185
0.520833333
0.578703704
0.532407407
0.486111111
0.486111111
0.439814815
0.462962963
0.451388889
0.3125
0.474537037
0.289351852
0.277777778
0.532407407
0.393518519
0.243055556
0.37037037
0.208333333
0.208333333
0.185185185
0.138888889
0.115740741
0.185185185
0.3125
0.706018519
1.134259259
3.946759259
0.844907407
0.497685185
0.393518519
0.277777778
0.289351852
0.127314815
0.127314815
0.277777778
0.277777778
0.162037037
0.162037037
0.277777778
0.243055556
0.104166667
0.046296296
0.381944444
0.231481481
0.104166667
0.104166667
0.277777778
0.127314815
0.219907407
0.219907407
0.231481481
0.231481481
0.115740741
0.150462963
0.05787037
0.081018519
0.081018519
0.37037037
0.243055556
0.104166667
0.150462963
0.092592593
0.092592593
0.173611111
0.162037037
0.393518519
0.509259259
0.671296296
1.134259259
0.289351852
7.314814815
8.113425926
2.569444444
1.435185185
0.821759259
0.694444444
0.856481481
0.625
0.613425926
0.509259259
0.509259259
0.462962963
0.543981481
0.358796296
0.219907407
0.486111111
0.474537037
0.358796296
2.071759259
5.289351852
2.106481481
23.02083333
8.37962963
3.101851852
1.851851852
1.782407407
1.365740741
1.157407407
1.226851852
1.064814815
1.030092593
0.740740741
0.925925926
0.636574074
0.590277778
0.625
1.087962963
0.740740741
1.168981481
1.19212963
1.365740741
1.30787037
1.030092593
1.608796296
