6.087962963
5.25462963
2.592592593
2.407407407
3.090277778
2.789351852
2.523148148
2.372685185
2.372685185
2.662037037
4.490740741
8.715277778
9.456018519
6.736111111
5.347222222
4.965277778
4.444444444
4.560185185
4.351851852
3.796296296
4.097222222
3.449074074
3.240740741
3.136574074
3.217592593
9.351851852
5.787037037
4.178240741
3.506944444
2.835648148
4.733796296
3.703703704
2.75462963
2.581018519
1.921296296
2.5
2.118055556
2.118055556
1.493055556
2.349537037
2.199074074
2.1875
2.12962963
1.724537037
1.493055556
1.446759259
1.574074074
1.736111111
1.585648148
1.458333333
1.863425926
2.858796296
2.5
2.337962963
1.956018519
2.118055556
1.782407407
2.094907407
1.689814815
12.08333333
75.87962963
30.20833333
16.06481481
10.68287037
11.19212963
9.409722222
8.553240741
7.75462963
7.233796296
8.726851852
10.5787037
11.37731481
11.59722222
11.59722222
11.33101852
11.48148148
11.44675926
13.59953704
14.14351852
13.80787037
14.22453704
0.99537037
24.17824074
11.55092593
11.88657407
17.95138889
13.31018519
11.5162037
11.8287037
12.00231481
10.76388889
10.16203704
11.2962963
13.63425926
11.11111111
11.23842593
10.71759259
9.606481481
7.696759259
8.80787037
7.685185185
6.979166667
6.412037037
5.914351852
5.3125
5.243055556
5.115740741
4.837962963
4.907407407
4.409722222
4.444444444
4.837962963
6.226851852
5.717592593
5.046296296
4.456018519
3.993055556
3.634259259
3.668981481
3.668981481
3.599537037
3.819444444
3.703703704
3.668981481
3.69212963
3.69212963
4.953703704
4.305555556
8.032407407
6.782407407
4.918981481
4.444444444
4.467592593
8.020833333
6.481481481
5.034722222
5.300925926
3.946759259
4.027777778
4.479166667
3.993055556
3.900462963
3.715277778
3.078703704
2.881944444
2.280092593
2.152777778
1.678240741
1.574074074
1.30787037
1.273148148
1.19212963
0.844907407
0.763888889
0.439814815
0.763888889
0.787037037
0.636574074
0.613425926
0.416666667
0.405092593
0.636574074
0.532407407
0.358796296
0.196759259
0.393518519
0.162037037
0.648148148
0.162037037
0.509259259
0.416666667
0.277777778
0.231481481
0.462962963
0.25462963
0.277777778
0.300925926
0.300925926
0.25462963
0.266203704
0.266203704
0.486111111
0.717592593
0.439814815
0.3125
0.543981481
0.659722222
0.277777778
0.104166667
0.277777778
0.393518519
0.56712963
0.150462963
0.439814815
1.5625
0.347222222
0.347222222
0.266203704
0.25462963
0.25462963
0.87962963
0.729166667
1.018518519
0.844907407
1.064814815
0.844907407
1.168981481
1.273148148
1.273148148
1.666666667
1.886574074
1.458333333
0.289351852
0.25462963
0.335648148
0.289351852
0.266203704
0.300925926
0.231481481
0.277777778
0.335648148
0.289351852
0.324074074
0.324074074
0.335648148
0.3125
0.300925926
0.243055556
0.300925926
0.231481481
0.231481481
0.219907407
0.208333333
0.162037037
0.208333333
0.138888889
0.3125
0.138888889
0.150462963
0.3125
0.138888889
0.486111111
0.266203704
0.115740741
0.115740741
0.081018519
0.092592593
0.185185185
0.231481481
0.25462963
0.115740741
0.115740741
0.115740741
0.115740741
0.081018519
0.115740741
0.081018519
0.081018519
0.081018519
0.081018519
0.081018519
0.081018519
0.081018519
0.081018519
1.93287037
0.127314815
0.081018519
0.081018519
0.081018519
0.092592593
0.081018519
0.162037037
0.081018519
0.05787037
0.081018519
0.162037037
0.208333333
0.127314815
0.115740741
0.115740741
0.05787037
0.046296296
0.092592593
0.05787037
0.05787037
0.05787037
0.05787037
0.05787037
0.05787037
0.05787037
0.05787037
0.05787037
0.05787037
0.05787037
0.05787037
0.05787037
0.069444444
0.185185185
0.196759259
0.092592593
0.05787037
0.05787037
0.05787037
0.173611111
0.034722222
0.023148148
0.046296296
0.023148148
0.034722222
0.023148148
0.127314815
0.115740741
0.821759259
0.127314815
0.138888889
0.138888889
0.127314815
0.358796296
0.219907407
0.347222222
0.25462963
0.138888889
0.243055556
0.115740741
0.138888889
0.127314815
0.127314815
0.138888889
0.127314815
0.578703704
0.925925926
3.275462963
2.893518519
0.706018519
4.0625
2.060185185
9.953703704
10.96064815
6.423611111
2.986111111
1.921296296
1.273148148
1.284722222
1.666666667
1.284722222
0.694444444
0.56712963
0.752314815
0.601851852
1.145833333
2.523148148
2.8125
1.226851852
0.949074074
1.018518519
0.891203704
0.972222222
0.740740741
8.981481481
9.791666667
130.1851852
12.11805556
6.446759259
9.513888889
8.391203704
