0.525625
0.525625
0.525625
1.249953704
0.515
0.221018519
0.515
0.515
0.661990741
0.661990741
0.368009259
0.53
0.515
0.525625
0.410509259
0.410509259
0.263518519
0.5575
0.410509259
0.399884259
0.399884259
0.252893519
0.4975
1.134837963
1.428819444
0.987847222
0.825231481
0.683240741
0.53625
0.53625
0.53625
0.53625
0.53625
0.520046296
0.520046296
0.53625
0.53625
0.389259259
0.53625
0.50625
0.389259259
0.389259259
0.389259259
0.389259259
0.389259259
0.53625
0.53625
0.389259259
0.389259259
0.315763889
0.315763889
0.389259259
0.389259259
0.389259259
0.389259259
0.453009259
3.476053241
70.05248843
24.71805556
17.30519676
42.16534722
20.29854167
9.173703704
16.14201389
11.20944444
9.348715278
6.975486111
5.935740741
6.178125
6.754166667
6.141666667
5.419768519
5.080173611
5.080173611
5.080173611
4.452164352
4.257164352
4.290173611
3.847164352
4.51818287
14.46498843
6.447581019
7.594849537
6.045162037
5.062662037
4.680173611
4.062280093
4.290208333
4.267662037
4.267662037
3.653576389
3.335428241
3.529537037
3.529537037
2.521527778
2.749537037
2.654537037
2.749537037
2.749537037
2.802592593
1.783090278
1.981875
2.010416667
9.61244213
8.270358796
3.993703704
3.877106481
13.78178241
8.3284375
3.898703704
4.582777778
4.707789352
4.090590278
3.660590278
3.310590278
3.538599537
2.533252315
2.773125
1.761631944
2.986608796
4.325243056
5.145243056
6.736631944
7.715555556
5.703518519
4.024571759
4.102164352
3.660590278
3.310590278
3.538599537
2.498298611
2.75375
1.829375
1.208680556
1.026238426
0.996701389
1.012534722
0.710497685
1.37619213
1.356122685
1.065729167
0.732986111
0.785648148
0.748148148
0.510532407
0.491898148
0.470601852
0.296296296
0.386226852
0.347916667
0.33275463
0.483333333
0.37037037
0.784027778
0.355787037
0.569907407
0.34537037
0.808796296
0.403703704
0.403703704
0.251157407
0.251157407
0.251157407
0.265740741
0.408564815
0.301157407
0.431944444
0.351851852
0.319444444
0.314814815
0.314814815
0.314814815
0.268518519
0.314814815
0.24537037
0.224537037
0.321759259
0.835648148
0.377314815
0.261574074
0.298611111
1.047453704
1.010416667
0.362268519
0.178240741
0.391203704
0.194444444
0.108796296
0.236111111
0.231481481
0.194444444
0.083333333
0.092592593
0.092592593
0.076388889
0.069444444
0.069444444
0.069444444
0.069444444
0.069444444
0.069444444
0.069444444
0.069444444
0.069444444
0.069444444
0.069444444
0.069444444
0.138888889
0.115740741
0.069444444
0.069444444
0.069444444
0.069444444
0.069444444
0.069444444
0.069444444
0.069444444
0.069444444
0.069444444
0.069444444
0.069444444
0.069444444
0.069444444
0.069444444
0.347222222
0.069444444
0.069444444
0.069444444
0.069444444
0.069444444
0.069444444
0.069444444
0.069444444
0.069444444
0.069444444
0.324074074
0.069444444
0.069444444
0.069444444
0.138888889
0.069444444
0.069444444
0.069444444
0.069444444
0.069444444
0.069444444
0.069444444
0.069444444
0.069444444
0.069444444
0.069444444
0.069444444
0.185185185
0.138888889
0.069444444
0.069444444
0.069444444
0.069444444
0.069444444
0.069444444
0.069444444
0.069444444
0.069444444
0.069444444
0.069444444
0.069444444
0.069444444
0.069444444
0.069444444
0.069444444
0.069444444
0.231481481
0.289351852
0.231481481
0.231481481
0.115740741
0.289351852
0.231481481
0.069444444
0.231481481
0.231481481
0.694444444
1.273148148
4.548611111
0.925925926
0.578703704
0.405092593
0.578703704
0.405092593
0.231481481
0.231481481
0.231481481
0.185185185
0.25462963
0.185185185
0.185185185
0.115740741
0.115740741
0.115740741
0.115740741
0.115740741
0.115740741
0.115740741
0.115740741
0.115740741
0.115740741
0.115740741
0.115740741
0.115740741
0.115740741
1.967592593
2.118055556
1.273148148
0.340277778
0.363425926
0.274305556
0.309027778
0.21412037
0.224537037
0.106481481
0.115740741
0.111111111
0.115740741
0.106481481
0.118055556
0.087962963
0.165509259
1.994212963
2.395833333
2.546296296
1.023148148
0.747685185
0.541666667
0.12962963
0.12962963
0.113425926
0.133101852
0.09837963
0.127314815
0.143518519
0.145833333
1.141203704
20.0162037
32.98611111
5.902777778
3.125
2.314814815
2.372685185
2.025462963
0.868055556
2.835648148
1.50462963
1.041666667
1.006944444
0.99537037
0.810185185
0.914351852
0.87962963
0.578703704
0.717592593
0.983796296
0.590277778
0.590277778
0.590277778
0.451388889
