6.107986111
4.706134259
7.038969907
5.401886574
3.31224537
2.609791667
2.275046296
2.27744213
2.251747685
2.229467593
2.29318287
2.25724537
2.254814815
2.26025463
2.262974537
2.251863426
2.245439815
2.725266204
25.09255787
19.37153935
19.25826389
18.53244213
16.64207176
12.68072917
11.11128472
8.590740741
12.9577662
9.574780093
8.29818287
8.210023148
7.423923611
16.2178125
32.17353009
20.48451389
20.93118056
63.68010417
37.03027778
18.9803588
14.83019676
13.14238426
11.34064815
10.1025
9.890196759
9.482002315
8.855150463
6.391666667
8.109791667
6.752743056
6.829976852
6.797523148
6.43255787
6.265694444
5.673530093
5.098506944
5.171481481
5.928726852
25.46880787
19.30493056
11.4449537
9.575023148
8.98806713
5.565295139
6.744814815
6.135596065
6.251637731
6.237042824
5.907071759
5.808159722
8.331006944
9.566452546
6.557280093
6.242042824
7.542303241
5.968240741
6.312795139
5.67953125
5.124861111
5.164571759
5.914456019
8.118200231
7.638350694
6.013113426
5.746655093
6.864652778
8.439166667
7.282199074
10.05800926
13.18626157
12.08753472
11.84967593
9.65337963
8.569872685
7.72880787
7.060150463
6.17474537
5.975677083
5.178292824
4.797384259
4.819340278
4.792297454
4.457077546
4.408483796
4.406863426
5.045295139
5.928663194
5.327060185
5.210636574
10.80615741
14.42314815
12.83859954
8.916759259
6.845243056
6.347118056
6.328194444
7.602609954
6.679670139
5.533668981
4.917546296
8.42724537
7.983634259
6.089386574
5.771354167
5.118541667
5.231122685
17.59153935
13.02251157
9.391273148
7.660775463
6.704791667
6.294918981
5.688402778
5.13474537
4.671828704
4.757048611
4.783668981
4.448541667
4.738055556
4.597928241
5.642650463
5.876423611
4.546805556
4.394826389
4.118125
3.987974537
3.978715278
4.309814815
4.38556713
4.090347222
3.972928241
3.653449074
3.625243056
3.098194444
3.028564815
2.880428241
2.867349537
2.892581019
2.303414352
2.145451389
2.992407407
2.812800926
2.599652778
1.503611111
2.081435185
1.828275463
1.715439815
1.355150463
1.285428241
1.114710648
1.213240741
0.900648148
0.762106481
0.445613426
0.6803125
0.638090278
0.638032407
0.459444444
0.467094907
0.277002315
0.856064815
0.661087963
0.47494213
0.629502315
0.450891204
0.28125
0.327002315
0.303402778
0.84806713
0.510717593
0.152951389
0.484097222
0.336018519
0.352951389
0.440740741
0.399965278
0.224479167
0.331446759
0.740162037
0.131053241
0.328414352
0.8071875
0.280891204
0.063125
0.38537037
0.521782407
0.420914352
0.489247685
0.10630787
0.123784722
0.176967593
0.059247685
0.463090278
0.015706019
0.136574074
0.131157407
0.577118056
0.0965625
0.160173611
0.096736111
0.041655093
1.402314815
0.713217593
0.692881944
0.962314815
0.068981481
0.060509259
0.10318287
0.220138889
0.324305556
0.142789352
0.73337963
0.15380787
0.448703704
0.513252315
0.358506944
0.5134375
0.107511574
0.361944444
0.400219907
0.446770833
0.358356481
0.237719907
0.062175926
0.413993056
0.150810185
0.236788194
0.200711806
0.675347222
0.174907407
0.104571759
0.183275463
0.184560185
0.060277778
0.190277778
0.182922454
0.15822338
0.997905093
0.790497685
0.765289352
0.282430556
0.186076389
0.304479167
0.296539352
0.264490741
0.326556713
0.284137731
0.299375
0.317962963
0.237349537
0.357314815
0.358587963
0.949409722
0.650127315
0.441157407
0.329305556
0.441967593
0.293414352
2.133680556
0.675300926
0.429293981
0.433981481
0.591793981
0.599305556
0.72962963
0.888599537
2.333680556
1.7853125
1.176365741
0.730150463
0.72962963
0.735127315
0.526111111
0.478946759
0.285729167
0.74380787
0.582233796
0.431851852
0.438032407
0.53849537
0.526342593
0.401979167
0.433865741
0.596481481
0.281678241
0.437627315
0.332951389
0.530289352
0.29302662
0.331197917
0.330104167
0.627210648
0.446886574
0.033946759
0.245347222
0.332476852
0.329814815
0.336087963
0.625324074
0.293912037
0.510086806
0.232378472
0.776388889
0.48224537
0.436412037
0.923842593
0.748668981
1.134976852
1.354965278
3.857615741
3.309664352
3.161469907
3.901018519
3.570127315
23.24133681
10.07342014
7.211770833
7.215532407
4.175798611
5.429583333
22.4749537
15.90027778
14.63391204
9.151851852
6.64671875
5.04072338
4.309305556
3.517708333
15.07140046
10.59886574
7.111574074
5.318414352
4.27787037
4.283796296
4.244791667
4.28431713
4.022222222
26.12383102
16.83608796
8.356018519
6.240219907
5.403425926
5.137847222
5.12775463
4.529571759
4.140844907
4.260590278
