21.0237037
9.48443287
8.669965278
8.030162037
8.076388889
9.802939815
9.061435185
29.30143519
21.29534722
23.93844907
18.06987269
28.87621528
21.33868056
14.255
11.44425926
10.76006944
9.433599537
8.203368056
8.100289352
7.28150463
8.41912037
6.057581019
5.324016204
5.194085648
4.396747685
4.078634259
5.143217593
4.68224537
4.48775463
4.422604167
4.400613426
3.788229167
3.85662037
3.998391204
3.965983796
3.976400463
3.962511574
4.295925926
4.90412037
4.996400463
4.138275463
3.964826389
3.976400463
3.972928241
3.04181713
2.140034722
4.234479167
7.856157407
3.566944444
3.20318287
2.671122685
2.839189815
2.468460648
2.227974537
2.287523148
0.792418981
2.801157407
1.416631944
3.7846875
3.318865741
2.678923611
2.30337963
2.181585648
2.134131944
2.126203704
3.346666667
4.421886574
3.511550926
2.087175926
1.888993056
2.055162037
1.872025463
1.778900463
13.13895833
9.595474537
1.600092593
1.189907407
1.308622685
1.463321759
1.479074074
1.636238426
0.547233796
1.596296296
1.255474537
1.43630787
1.789837963
1.451354167
1.246215278
2.138761574
2.15380787
1.948680556
1.948680556
2.312638889
2.835439815
3.920486111
5.173136574
6.101469907
4.426076389
4.420289352
3.296608796
3.586041667
2.91005787
3.490173611
3.562939815
3.211041667
2.876493056
4.718958333
4.431863426
4.097152778
3.954409722
3.58849537
3.639131944
7.488506944
9.214236111
6.884212963
5.333275463
4.85099537
4.820706019
4.627233796
4.82880787
12.92533565
11.38608796
5.519930556
6.276157407
5.420486111
4.92275463
4.516689815
4.435335648
7.265162037
6.891157407
5.022592593
4.485439815
4.423761574
4.442280093
4.104375
3.705671296
3.640289352
6.29650463
5.685462963
4.116712963
3.34818287
2.929733796
2.485428241
2.153946759
2.057881944
2.203715278
2.142372685
2.126168981
1.813472222
1.673622685
1.431875
1.520219907
1.689363426
1.687048611
1.672002315
1.331365741
1.201631944
1.218993056
1.165752315
1.331261574
1.23056713
1.232881944
0.510856481
0.632881944
0.654606481
0.121666667
0.377708333
0.684965278
0.504143519
0.305960648
0.625671296
0.133854167
0.366145833
0.469155093
0.205
0.336157407
0.097199074
0.463842593
0.301944444
0.573900463
0.180775463
0.379039352
0.508611111
0.520138889
0.333900463
0.277928241
0.634571759
0.18912037
0.346076389
0.310439815
0.300648148
0.377708333
0.490543981
0.238703704
0.135833333
0.274965278
0.540902778
0.192314815
0.264467593
0.081446759
0.410277778
0.135625
0.143668981
0.083819444
0.108888889
0.164930556
0.132777778
0.317569444
0.206226852
0.117453704
0.117881944
0.372002315
0.071743004
0.016772093
0.16184294
0.297695682
0.376013154
0.522903387
0.395911977
0.239960103
0.434719381
0.262098768
0.382514523
0.622494379
0.735673041
0.08827758
0.130856902
0.242832432
0.56302439
0.232682835
0.245969984
0.720051985
0.419533738
1.321178241
0.523400463
0.719552083
0.517931713
0.219991898
0.246623843
0.424349537
0.388018519
0.475015772
0.496224362
0.290794144
0.104118226
0.416348367
0.412480708
0.104768501
0.411716705
0.429925116
0.204488214
0.440713606
0.442302758
0.172871034
0.427758686
0.462204056
0.123578007
0.323629051
0.254453945
0.301045789
0.248930757
0.289780682
0.290598583
0.264758389
0.431803976
0.2641879
0.666302819
0.958099537
0.667428241
0.371496528
0.360512731
0.235831019
0.364236111
0.357675926
0.365530093
0.208724537
0.3323125
0.430009259
0.404309028
0.183099537
0.251056713
0.830275463
0.816560185
0.329633102
0.568741898
0.402636574
0.384633102
0.965217593
0.370119213
0.518423611
0.488851852
0.4916875
0.404806713
0.540096065
0.44225463
0.437596065
0.188846065
0.658435185
0.813168981
0.35330787
0.4548125
0.94600463
2.333101852
4.549366898
45.80901852
13.12726042
4.300576389
2.656386574
1.761756944
1.575969907
1.214314815
1.391780093
1.236143519
1.083759259
1.387925926
1.563053241
1.381386574
34.22917593
10.49223148
17.3819537
10.1775787
6.722625
6.301143519
6.563238426
18.81228935
13.18020602
9.62580787
31.21019444
22.6594537
15.17553009
9.571523534
8.127916281
6.076699074
5.733446759
7.806912037
6.621976852
10.35830787
33.63210417
18.32955787
17.16422222
18.55448843
11.81662963
9.457428241
7.807914352
7.578336806
6.920570602
6.434777778
6.836675926
6.397717593
6.460657407
6.013018519
5.540831019
4.907185185
4.522289352
6.30162963
14.21528704
11.69123611
7.926375
7.566502315
7.20397338
5.796519676
7.553215278
7.780831019
6.545530093
5.886270833
