2.696759259
5.543981481
7.858796296
2.488425926
2.349537037
1.354166667
1.481481481
1.550925926
1.435185185
1.469907407
1.50462963
3.368055556
3.090277778
2.060185185
1.655092593
1.50462963
1.331018519
1.030092593
1.319444444
2.372685185
2.372685185
2.858796296
3.599537037
5.37037037
7.881944444
5.960648148
5.208333333
7.12962963
2.997685185
2.87037037
1.944444444
6.388888889
3.576388889
2.523148148
2.094907407
2.233796296
1.701388889
1.655092593
1.446759259
1.469907407
1.469907407
2.037037037
1.956018519
1.446759259
1.585648148
1.238425926
2.650462963
2.5
3.321759259
2.12962963
3.125
2.476851852
1.631944444
1.770833333
1.585648148
1.724537037
3.912037037
2.025462963
2.314814815
1.597222222
1.597222222
3.310185185
3.043981481
5.821759259
4.537037037
3.206018519
2.291666667
3.530092593
7.881944444
5.763888889
5.555555556
5.335648148
9.386574074
13.42592593
1.481481481
12.36111111
15.43981481
12.4537037
10.56712963
9.0625
7.928240741
6.736111111
6.516203704
6.574074074
7.256944444
6.481481481
5.636574074
26.09953704
30.87962963
21.90972222
14.93055556
13.1712963
15.05787037
11.65509259
11.05324074
9.340277778
7.881944444
6.759259259
6.724537037
7.060185185
5.68287037
5.138888889
5.266203704
4.953703704
5.300925926
21.78240741
18.44907407
11.66666667
9.618055556
8.518518519
7.534722222
6.678240741
5.671296296
5.810185185
8.4375
8.263888889
25.3587963
15.97222222
9.849537037
8.425925926
11.95601852
10.09259259
8.634259259
7.476851852
6.608796296
5.960648148
5.25462963
5.462962963
5.150462963
4.675925926
4.583333333
3.958333333
4.722222222
7.291666667
9.236111111
6.689814815
5.578703704
5.069444444
4.641203704
4.814814815
9.444444444
8.680555556
6.030092593
4.988425926
4.930555556
4.479166667
4.201388889
3.761574074
3.75
3.321759259
3.819444444
3.18287037
3.240740741
3.240740741
3.18287037
3.229166667
2.55787037
2.210648148
2.222222222
2.210648148
2.094907407
1.828703704
1.93287037
1.377314815
0.393518519
0.555555556
0.555555556
0.590277778
0.590277778
0.590277778
0.555555556
1.712962963
1.527777778
0.798611111
0.752314815
0.196759259
2.55787037
2.326388889
0.613425926
0.266203704
1.666666667
0.185185185
0.509259259
0.555555556
0.740740741
0.347222222
0.555555556
0.99537037
0.763888889
0.902777778
0.208333333
0.717592593
0.694444444
0.393518519
0.543981481
1.053240741
0.25462963
0.578703704
0.347222222
0.56712963
0.439814815
0.150462963
0.381944444
0.162037037
0.439814815
0.277777778
0.486111111
0.486111111
0.300925926
0.138888889
0.393518519
0.219907407
0.522309028
1.423842593
0.572337963
0.555324074
0.495891204
0.376828704
0.389074074
0.162800926
0.153993056
0.201736111
0.173611111
0.347106481
0.058738426
0.176574074
0.103530093
0.399652778
0.757291667
0.224224537
0.407604167
0.164670139
0.402835648
0.373350694
0.204658565
0.040248843
0.571875
0.582609954
0.542563657
0.403356481
0.174884259
0.325520833
0.190127315
0.347222222
0.046296296
0.439814815
0.25462963
0.208333333
0.543981481
0.277777778
0.289351852
0.277777778
0.393518519
0.138888889
0.046296296
0.462962963
0.277777778
0.393518519
0.428240741
0.243055556
0.335648148
0.162037037
0.439814815
0.752314815
0.891203704
0.335648148
0.752314815
0.185185185
0.416666667
0.37037037
0.381944444
0.243055556
0.243055556
0.416666667
0.231481481
0.231481481
0.243055556
0.439814815
0.231481481
0.162037037
0.381944444
0.023148148
0.25462963
0.277777778
0.266203704
0.416666667
0.439814815
0.046296296
0.300925926
0.243055556
0.289351852
0.115740741
0.289351852
0.138888889
0.196759259
0.405092593
0.266203704
0.231481481
0.25462963
0.266203704
0.277777778
0.335648148
0.289351852
0.25462963
0.104166667
0.416666667
0.405092593
0.56712963
0.462962963
0.25462963
0.25462963
0.266203704
0.25462963
0.266203704
0.405092593
0.358796296
0.289351852
0.543981481
0.266203704
0.56712963
0.25462963
0.416666667
0.520833333
0.393518519
0.405092593
0.266203704
0.243055556
0.266203704
0.25462963
0.486111111
0.428240741
0.393518519
0.405092593
0.555555556
0.56712963
0.509259259
0.439814815
0.335648148
0.25462963
0.555555556
0.405092593
2.638888889
1.458333333
1.782407407
0.56712963
0.555555556
1.006944444
1.030092593
1.25
0.856481481
0.717592593
1.226851852
1.342592593
2.175925926
1.145833333
1.134259259
0.856481481
0.914351852
0.219907407
1.30787037
0.949074074
8.69212963
2.662037037
2.256944444
1.724537037
