0.251157407
0.695023148
1.428819444
1.086111111
0.935416667
0.876273148
0.5125
1.759143519
0.934837963
1.094444444
1.013425926
42.55497685
6.391782407
4.610300926
7.362962963
6.735763889
4.662615741
11.99988426
10.99259259
9.915162037
5.026851852
3.82974537
3.415277778
3.581944444
2.957407407
2.749652778
2.75
7.381481481
17.45069444
15.23796296
8.565393519
5.262731481
4.310185185
3.791666667
3.564814815
2.994212963
5.520833333
10.29282407
6.042824074
3.837962963
3.619212963
2.716435185
2.700231481
3.262731481
39.86226852
25.4224537
13.67013889
8.508101852
9.731481481
6.346064815
25.05208333
20.52083333
7.53125
43.85185185
28.42939815
12.23842593
10.74768519
10.53472222
10.10763889
11.79398148
10.75578704
10.76273148
10.125
7.788194444
6.047453704
5.331018519
5.793981481
5.724537037
4.996527778
3.947916667
5.0625
4.876157407
4.813657407
4.765046296
4.730324074
4.834490741
4.855324074
5.516203704
4.361111111
10.72800926
11.08796296
15.02777778
7.425925926
6.872685185
6.33912037
8.357638889
7.791666667
6.971064815
16.53472222
9.297453704
8.086805556
7.353009259
6.275462963
5.207175926
5.59375
5.59375
5.640046296
5.640046296
5.663194444
5.524305556
5.767361111
5.709490741
5.628472222
7.152777778
8.195601852
7.015046296
6.491898148
6.696759259
6.696759259
5.16087963
5.605324074
5.59375
6.435185185
5.365740741
5.001157407
4.576388889
4.373842593
4.711805556
4.122685185
4.512731481
3.900462963
4.059027778
3.050925926
2.24537037
2.508101852
1.746527778
2.009259259
3.700231481
3.278935185
2.291666667
2.53125
1.815972222
1.974537037
1.997685185
2.009259259
2.736111111
1.758101852
1.997685185
2.009259259
1.284722222
1.53587963
2.190972222
2.032407407
1.974537037
1.997685185
1.435185185
1.524305556
1.894675926
1.767361111
1.65162037
1.53587963
1.643518519
4.791666667
3.113425926
2.34837963
2.59375
1.855324074
1.630787037
1.402777778
1.34375
1.118055556
2.436342593
1.015046296
0.787037037
1.284722222
0.574074074
0.515046296
1.006944444
0.931712963
0.33912037
1.005787037
0.556712963
1.394675926
0.988425926
1.075231481
0.550925926
0.369212963
0.72337963
1.060185185
1.043981481
1.087962963
0.440972222
1.083333333
1.481481481
1.25462963
0.834490741
0.636574074
0.636574074
0.616898148
0.597222222
1.091435185
1.920138889
1.44212963
0.424768519
0.386574074
0.545138889
0.425925926
0.440972222
0.354166667
0.361111111
0.412037037
0.351851852
0.390046296
0.407407407
0.355324074
0.289351852
0.260416667
0.295138889
0.304398148
0.248842593
0.240740741
0.238425926
0.121527778
0.121527778
0.108796296
0.106481481
0.09837963
0.092592593
0.085648148
0.081018519
0.078703704
0.049768519
0.048611111
0.041666667
0.041666667
0.037037037
0.03587963
0.03125
0.027777778
0.027777778
0.020833333
0.020833333
0.018518519
0.018518519
0.018518519
0.017361111
0.017361111
0.017361111
0.017361111
0.017361111
0.017361111
0.017361111
0.017361111
0.197916667
0.189814815
0.859953704
0.561342593
0.680555556
0.311342593
0.469907407
0.49537037
0.091435185
0.040509259
0.05787037
0.055555556
0.024305556
0.039351852
0.041666667
0.046296296
0.040509259
0.03587963
0.040509259
0.034722222
0.040509259
0.048611111
0.047453704
0.040509259
0.038194444
0.039351852
0.052083333
0.048611111
0.047453704
0.280092593
0.059027778
0.048611111
0.048611111
0.045138889
0.047453704
0.043981481
0.077546296
0.072916667
0.106481481
0.043981481
0.075231481
0.083333333
0.072916667
0.055555556
0.053240741
0.060185185
0.06712963
0.053240741
0.047453704
0.049768519
0.053240741
0.059027778
0.043981481
0.045138889
0.042824074
0.047453704
0.040509259
0.064814815
0.06712963
0.440972222
0.880787037
0.056712963
0.123842593
0.266203704
0.138888889
0.137731481
0.137731481
0.137731481
0.137731481
0.137731481
0.265046296
0.265046296
0.263888889
0.136574074
0.136574074
0.174768519
0.263888889
0.136574074
0.263888889
0.210648148
0.216435185
0.667824074
0.929398148
0.686342593
0.425925926
1.247685185
1.231481481
0.576388889
1.027777778
0.819444444
0.528935185
0.423611111
0.665509259
0.440972222
0.440972222
0.443287037
0.489583333
0.347222222
0.459490741
0.622685185
2.650462963
1.851851852
0.887731481
0.765046296
0.989583333
2.864583333
4.1875
1.40162037
0.869212963
0.675925926
0.865740741
0.383101852
0.391203704
0.321759259
0.396990741
0.353009259
0.408564815
0.408564815
0.375
0.270833333
0.299768519
0.319444444
