6.122685185
9.155092593
6.956018519
4.930555556
4.513888889
7.395833333
4.930555556
3.668981481
6.145833333
15.42824074
8.310185185
16.75925926
12.56944444
8.564814815
6.828703704
6.134259259
7.685185185
7.824074074
7.847222222
7.280092593
43.13657407
15.54398148
10.9375
8.657407407
7.962962963
6.643518519
6.50462963
7.291666667
7.175925926
6.296296296
6.111111111
7.060185185
7.615740741
2.731481481
2.094907407
5.081018519
11.34259259
78.26388889
29.59490741
12.43055556
26.68981481
19.12037037
19.87268519
17.04861111
14.44444444
18.50694444
4.178240741
1.111111111
0.856481481
86.58564815
32.58101852
39.61805556
57.1412037
39.79166667
6.597222222
11.31944444
19.89583333
9.803240741
8.009259259
6.759259259
5.243055556
5.381944444
4.74537037
5.532407407
5.023148148
4.918981481
4.814814815
3.472222222
2.361111111
2.777777778
8.333333333
6.643518519
5.115740741
5.972222222
3.784722222
3.80787037
3.530092593
3.344907407
2.546296296
3.298611111
3.020833333
2.233796296
2.164351852
2.372685185
1.944444444
1.25
2.349537037
1.93287037
0.856481481
1.168981481
1.331018519
1.238425926
1.19212963
1.168981481
1.203703704
1.261574074
1.168981481
1.342592593
3.125
3.252314815
13.4375
14.16666667
16.28472222
12.25694444
6.284722222
4.502314815
3.553240741
16.25
11.68981481
8.310185185
6.851851852
4.606481481
4.861111111
3.576388889
2.997685185
2.789351852
3.125
2.384259259
2.384259259
2.87037037
2.55787037
2.24537037
2.337962963
2.24537037
1.93287037
1.793981481
2.569444444
3.159722222
2.453703704
2.268518519
3.680555556
3.113425926
2.44212963
2.384259259
2.094907407
2.106481481
1.19212963
1.516203704
1.898148148
1.909722222
1.770833333
0.949074074
1.030092593
1.203703704
1.018518519
1.030092593
0.844907407
0.844907407
0.648148148
0.659722222
0.659722222
0.601851852
0.960648148
0.428240741
1.5625
0.25462963
0.243055556
0.300925926
0.416666667
0.289351852
0.300925926
0.462962963
0.243055556
0.763888889
0.416666667
0.428240741
0.474537037
0.439814815
0.462962963
0.081018519
0.243055556
0.243055556
0.243055556
0.289351852
0.05787037
0.081018519
0.069444444
0.243055556
0.05787037
8.06712963
3.784722222
0.636574074
0.219907407
0.243055556
0.231481481
0.104166667
0.115740741
0.115740741
0.05787037
0.05787037
1.666666667
0.05787037
0.05787037
0.150462963
0.173611111
0.150462963
0.115740741
0.127314815
0.115740741
0.104166667
0.104166667
0.428240741
0.509259259
0.092592593
0.046296296
0.127314815
0.277777778
0.25462963
0.069444444
0.069444444
0.05787037
0.185185185
0.115740741
0.104166667
0.196759259
0.05787037
0.694444444
2.013888889
0.231481481
0.081018519
0.023148148
0.034722222
0.219907407
0.05787037
0.069444444
0.081018519
0.05787037
0.104166667
0.081018519
0.05787037
0.05787037
0.324074074
0.05787037
0.05787037
0.069444444
0.069444444
0.069444444
0.069444444
0.069444444
0.069444444
0.069444444
0.069444444
0.05787037
0.115740741
0.081018519
0.081018519
0.208333333
0.358796296
0.081018519
0.069444444
0.05787037
0.173611111
0.034722222
0.150462963
0.046296296
0.046296296
0.162037037
0.046296296
0.046296296
0.173611111
0.05787037
0.05787037
0.3125
0.046296296
0.011574074
0.011574074
NaN
NaN
0.092592593
0.069444444
0.069444444
0.069444444
0.069444444
NaN
0.115740741
0.358796296
0.05787037
NaN
0.162037037
NaN
0.208333333
0.162037037
0.092592593
0.081018519
0.011574074
0.05787037
0.069444444
0.05787037
0.300925926
0.266203704
0.069444444
0.069444444
0.497685185
0.115740741
4.097222222
3.18287037
0.324074074
0.347222222
0.231481481
0.219907407
0.185185185
0.104166667
0.185185185
0.034722222
0.092592593
0.335648148
0.347222222
0.25462963
0.011574074
0.196759259
0.636574074
0.034722222
0.219907407
0.219907407
1.319444444
0.578703704
0.949074074
0.694444444
0.56712963
0.706018519
0.05787037
0.740740741
0.601851852
0.960648148
0.05787037
0.474537037
0.243055556
0.555555556
0.393518519
0.081018519
0.416666667
0.324074074
0.243055556
0.3125
0.462962963
0.601851852
0.081018519
0.497685185
0.300925926
0.358796296
0.335648148
0.486111111
0.358796296
0.289351852
0.37037037
0.393518519
0.462962963
0.462962963
0.451388889
0.358796296
0.358796296
0.335648148
0.196759259
0.347222222
0.486111111
0.474537037
0.856481481
1.481481481
4.571759259
2.893518519
1.365740741
1.006944444
0.625
0.752314815
0.752314815
