NaN
NaN
NaN
NaN
NaN
NaN
NaN
NaN
NaN
NaN
NaN
NaN
NaN
NaN
NaN
NaN
NaN
NaN
NaN
NaN
NaN
NaN
NaN
NaN
NaN
NaN
NaN
NaN
NaN
NaN
NaN
NaN
NaN
NaN
NaN
NaN
NaN
NaN
NaN
NaN
NaN
NaN
NaN
NaN
NaN
NaN
NaN
NaN
NaN
NaN
NaN
NaN
NaN
NaN
NaN
NaN
NaN
NaN
NaN
NaN
NaN
NaN
NaN
NaN
NaN
NaN
NaN
NaN
NaN
NaN
NaN
NaN
NaN
NaN
NaN
NaN
NaN
NaN
NaN
NaN
NaN
NaN
NaN
NaN
NaN
NaN
NaN
NaN
NaN
NaN
NaN
NaN
NaN
NaN
NaN
NaN
NaN
NaN
NaN
NaN
NaN
NaN
NaN
NaN
NaN
NaN
NaN
NaN
NaN
NaN
NaN
NaN
NaN
NaN
NaN
NaN
NaN
NaN
NaN
NaN
NaN
NaN
NaN
NaN
NaN
NaN
NaN
NaN
NaN
NaN
NaN
NaN
NaN
NaN
NaN
NaN
NaN
NaN
NaN
NaN
NaN
NaN
NaN
NaN
NaN
NaN
NaN
NaN
NaN
NaN
NaN
NaN
NaN
NaN
NaN
NaN
NaN
NaN
NaN
NaN
NaN
NaN
NaN
NaN
NaN
NaN
NaN
NaN
NaN
NaN
NaN
NaN
NaN
NaN
NaN
NaN
NaN
NaN
NaN
NaN
NaN
NaN
0.488194444
0.488194444
0.488194444
0.373206019
0.373206019
0.373206019
0.373206019
0.259201389
0.258194444
0.258194444
0.144189815
0.144189815
0.144189815
0.143194444
0.970810185
1.111516204
0.069849537
0.068854167
0.068854167
0.068854167
NaN
NaN
NaN
NaN
NaN
NaN
NaN
NaN
NaN
NaN
NaN
0.372685185
0.373611111
0.371527778
0.368055556
0.368055556
0.366898148
0.365972222
0.365509259
0.364467593
0.363425926
0.362268519
0.361111111
0.359837963
0.358796296
0.362268519
0.388888889
0.391203704
0.394675926
0.392361111
0.391203704
0.390277778
0.388888889
0.387731481
0.385416667
0.384259259
0.383101852
0.381944444
0.37962963
0.386574074
0.388888889
0.394675926
0.110532407
0.109953704
0.109953704
0.109953704
0.109953704
0.109375
0.109375
0.109953704
0.111111111
0.111111111
0.113425926
0.111111111
0.109953704
0.112268519
0.12037037
0.123842593
0.120949074
0.118055556
0.116898148
0.141203704
0.140046296
0.135416667
0.12962963
0.113425926
0.119212963
0.116898148
0.112268519
0.108796296
0.105902778
0.108796296
0.140046296
0.291666667
0.25
0.074074074
0.130787037
0.106481481
0.101851852
0.096064815
0.091435185
0.090277778
0.079861111
0.079861111
0.100694444
0.096064815
0.09375
0.097222222
0.091435185
0.096064815
0.099537037
0.103009259
0.085648148
0.304398148
0.371527778
0.236111111
0.140046296
0.108796296
0.106481481
0.128472222
0.119212963
0.111111111
0.100694444
NaN
NaN
NaN
NaN
NaN
NaN
NaN
NaN
NaN
NaN
NaN
NaN
NaN
2.80462963
NaN
NaN
NaN
NaN
NaN
17.70196759
23.25
4.481481481
NaN
NaN
NaN
0.583333333
0.74537037
0.815972222
5.011574074
0.288194444
0.322800926
0.198321759
1.696701389
29.47789352
20.67853009
2.881770833
2.335763889
8.669270833
1.332523148
5.682118056
2.416782407
1.281655093
0.692939815
0.502430556
0.964872685
0.694791667
0.548148148
0.465972222
0.397164352
4.660358796
3.660763889
4.118113426
0.807407407
1.910011574
0.819733796
4.696296296
4.245543981
32.08819444
108.7555556
83.39826389
11.58564815
