2.384641204
4.02056713
4.020555556
8.333460648
3.128240741
2.512534722
3.116585648
3.688148148
0.6
1.068854167
1.0896875
1.849560185
3.813148148
22.82612269
1.314027778
1.305613426
4.061828704
5.241215278
2.563587963
2.725428241
2.44275463
2.742106481
2.385081019
2.563587963
0.516666667
1.211840278
1.798680556
2.15
2.135185185
2.4625
2.861666667
2.803333333
2.92
2.811666667
15.76159722
13.15212963
8.194965278
17.43353009
18.46935185
13.70054398
7.72787037
3.07681713
1.868599537
2.567777778
4.874826389
4.305219907
4.508136574
5.219722222
5.146041667
8.562268519
9.919340278
9.923993056
13.65962963
12.445
23.77837963
22.39021991
15.54251157
11.23280093
10.76972222
8.058854167
17.9052662
18.8430787
19.00293981
14.63591435
13.09607639
16.39841435
17.5975
14.83241898
9.879363426
9.307743056
7.592986111
9.022743056
12.02809028
8.754965278
7.948159722
6.980243056
7.05
13.08155093
15.49679398
19.03939815
35.278125
21.10189815
17.23512731
15.59340278
22.71516204
38.27914352
21.94943287
25.12225694
23.32482639
20.62061343
20.78237269
22.38128472
15.62359954
12.88013889
11.96648148
10.28697917
9.414826389
9.57
9.536666667
8.401979167
8.351006944
7.503819444
7.05
6.642314815
5.783993056
5.920833333
12.06696759
18.33292824
12.96480324
8.493958333
7.76
6.932974537
6.420833333
5.896493056
5.95
5.322326389
5.084826389
3.987152778
4.08
4.08
4.08
4.08
5.729201389
9.625219907
8.1128125
6.379467593
7.764884259
8.287083333
17.68181713
13.50253472
9.098773148
6.287800926
7.601365741
6.546793981
5.232986111
6.46337963
6.206967593
4.747152778
4.310763889
4.138333333
4.08
10.27630787
8.188912037
22.71438657
9.383252315
5.442280093
4.87
4.87
4.558159722
4.462708333
4.462708333
4.161493056
3.758159722
3.354826389
2.861493056
2.52
2.52
2.474166667
2.52
2.084814815
1.75
1.404826389
1.275
0.967326389
0.8
4.17431713
3.566145833
3.534259259
3.208993056
4.537361111
3.974652778
4.700347222
4.824166667
3.761145833
2.712152778
2.52
1.763981481
1.704166667
1.75
1.708333333
1.75
1.75
1.659259259
1.238159722
0.725659722
0.408993056
0.545833333
0.117060185
0.216666667
0.2
0.216666667
0.25
0.096493056
0.254166667
0.35625
0.100659722
0.005474537
0.058993056
0.038159722
0.042986111
0.022152778
0.026319444
0.042974537
0.042986111
0.154826389
0.042986111
0.042986111
0.042974537
0.038622685
0.026319444
0.026319444
0.076319444
0.067974537
0.014282407
0.014282407
0.042986111
0.014270833
0.042986111
0.042986111
0.038159722
0.042986111
0.042986111
0.042974537
0.159953704
0.108530093
0.042986111
0.042986111
0.042986111
0.042974537
1.744733796
0.042986111
0.486840278
0.142986111
0.578506944
0.757013889
0.151319444
0.4
0.4
0.4
0.142986111
0.067986111
0.142974537
1.455046296
0.133333333
0.088159722
0.035300926
0.0353125
0.042986111
0.225659722
0.126319444
0.05130787
0.155486111
0.042986111
0.042986111
0.035300926
0.042986111
0.02931713
0.02162037
0.011782407
0.0171875
0.017638889
0.023263889
0.014097222
0.130416667
0.307418981
0.359918981
0.273391204
0.380578704
0.292164352
0.466921296
0.43880787
0.411747685
0.465173611
0.382256944
0.163657407
0.117430556
2.787974537
0.761597222
1.001631944
0.308726852
0.322777778
1.085891204
0.673877315
0.498553241
0.132210648
1.535509259
0.434178241
0.780729167
0.596712963
0.601736111
1.220625
0.440972222
0.281724537
0.251273148
0.30255787
0.892349537
2.58625
1.194884259
0.430451389
0.454166667
0.4375
0.575
10.23209491
4.677060185
0.749490741
0.202465278
0.75349537
0.425
1.953877315
1.241886574
0.340011574
0.678842593
0.306168981
0.669837963
0.333391204
0.074039352
0.037326389
0.194027778
0.145983796
0.040706019
0.025949074
0.042627315
0.078287037
3.152083333
15.48881944
2.483715278
1.280891204
0.614571759
0.170138889
4.193148148
9.509143519
18.65684028
4.573402778
1.653090278
1.696805556
0.984618056
1.086377315
1.250787037
1.013287037
0.641828704
0.983009259
0.235231481
0.96400463
2.005115741
1.612256944
0.963240741
0.381134259
0.967002315
0.369768519
0.950011574
0.646712963
1.680277778
1.389907407
1.23212963
0.475729167
0.919016204
0.48255787
0.782071759
0.530405093
0.574710648
0.46369213
0.470902778
0.605150463
0.234699074
0.404675926
