13.89981481
10.34630787
8.672673611
7.506122685
5.747083333
5.323645833
4.678703704
4.013564815
4.451967593
4.678611111
3.75462963
3.796759259
3.914699074
3.850694444
3.85462963
3.764351852
3.469363426
3.091990741
3.020231481
5.143611111
12.69414352
9.273020833
5.456736111
5.437939815
41.67076389
18.12197917
13.11065972
11.73943287
9.930648148
9.496435185
8.131435185
13.08210648
9.531585648
8.924872685
8.885555556
8.656967593
6.430925926
5.249108796
4.338773148
4.861898148
4.559861111
4.143877315
4.19625
8.838796296
56.09092593
55.79236111
19.71017361
15.38267361
13.50481481
12.06488426
11.27413194
10.66709491
30.71010417
45.89990741
28.76728009
20.3777662
16.51869213
21.45149306
19.37047454
14.62365741
12.20459491
11.02144676
9.999780093
29.36709491
15.2834375
18.30315972
14.88113426
11.85952546
11.31023148
10.3412963
10.0412963
10.00946759
10.87979167
12.8071875
13.66873843
14.65696759
15.48479167
15.42939815
16.26050926
16.17949074
17.72469907
16.62913194
16.46375
17.04042824
18.77871528
18.49052083
18.04363426
17.36679398
15.83519676
13.973125
13.60855324
11.75287037
11.12841435
9.984421296
9.557534722
8.613645833
8.031030093
8.087893519
8.451585648
8.623310185
8.029409722
8.065208333
8.104930556
8.108587963
8.078171296
7.660300926
7.778518519
7.368090278
7.365162037
7.02125
6.970763889
9.814236111
8.470960648
7.3559375
6.448645833
6.265625
5.925520833
5.769259259
5.427071759
5.196041667
5.17
4.664988426
4.792164352
4.783136574
4.782731481
4.80125
5.670543981
5.335069444
4.877835648
4.772314815
4.510104167
4.393310185
4.415300926
4.406041667
4.404016204
3.161574074
3.679085648
3.606678241
3.637303241
3.225729167
2.845462963
2.903912037
2.860277778
2.894074074
2.865717593
2.864791667
2.884236111
2.848356481
2.866296296
2.468958333
2.084490741
2.096064815
2.090740741
2.134143519
2.090856481
2.097453704
2.114814815
2.114930556
3.576469907
3.811597222
2.769571759
2.860740741
1.981134259
2.113657407
2.096145833
2.082326389
2.096527778
2.231712963
2.858969907
2.451631944
2.11724537
1.740127315
1.589930556
1.584143519
1.100543981
1.143402778
1.126701389
1.152002315
0.853900463
0.237002315
0.421296296
0.378472222
0.377673611
0.363425926
0.390046296
0.269907407
0.261226852
0.268414352
0.270034722
0.253657407
0.183726852
0.220300926
0.191666667
0.171377315
0.149976852
0.161979167
0.151319444
0.171967593
0.150636574
0.120949074
0.097951389
0.080601852
0.039768519
0.034756944
0.03724537
0.045613426
0.014074074
0.019988426
0.017314815
0.016724537
0.018310185
0.019768519
0.013888889
0.011238426
0.010231481
0.010729167
0.009976852
0.006782407
0.007303241
0.089375
0.093043981
0.08806713
0.077858796
0.103773148
0.06318287
0.1290625
0.158854167
0.141585648
0.154814815
0.146944444
0.110636574
0.108831019
0.103275463
0.115613426
0.134375
0.266435185
0.690289352
0.248993056
0.256423611
0.253217593
0.19818287
0.291469907
0.422141204
0.910358796
0.760138889
0.761944444
0.469456019
0.373622685
0.413414352
0.295150463
0.59525463
0.4540625
0.32431713
0.4571875
0.166678241
0.321770833
0.491909722
0.619097222
0.517488426
0.315983796
0.314826389
0.387743056
0.456608796
0.179988426
0.67650463
0.307303241
1.060752315
0.602546296
0.3384375
0.491087963
0.495034722
0.318298611
0.458923611
0.134849537
0.460659722
0.303831019
0.293993056
0.94443287
0.014490741
0.468761574
0.371539352
0.401319444
0.294884259
0.442708333
0.447928241
0.284155093
0.291678241
0.439247685
0.230925926
0.462962963
0.271423611
0.284965278
0.320393519
0.434606481
0.587962963
0.701388889
0.607638889
0.4415625
0.432291667
0.445034722
0.441550926
0.276643519
0.4103125
0.330451389
0.275474537
0.001180556
0.571759259
0.240185185
0.423043981
0.550347222
0.51505787
0.572337963
0.392372685
0.436921296
0.335081019
0.413217593
0.313090278
0.371539352
0.299895833
0.515520833
0.472800926
0.495960648
0.496527778
0.642939815
0.692708333
0.35244213
1.090844907
0.91318287
0.847789352
0.948483796
6.595219907
20.32957176
5.189039352
1.42994213
9.900277778
7.264525463
2.983796296
4.436168981
5.331030093
2.433229167
19.92703704
16.47319444
6.886388889
6.809293981
9.887604167
25.0871875
19.22701389
15.43454861
11.43925926
8.922858796
7.726412037
8.31818287
8.747731481
6.712986111
5.424236111
5.333194444
5.024826389
4.647372685
4.547824074
4.23755787
4.180324074
32.73372685
24.68947917
15.3418287
13.35667824
