4.014502315
6.06380787
4.888773148
4.775381944
4.333738426
4.417824074
4.813055556
4.620740741
4.236747685
4.263888889
4.221759259
4.25162037
4.229398148
4.830023148
4.623229167
4.71275463
4.683240741
4.333622685
3.942048611
3.452743056
3.107615741
3.058194444
3.26837963
6.80712963
6.035787037
4.385613426
4.6371875
2.476099537
2.665752315
2.668368056
2.503344907
2.863877315
2.848888889
1.197256944
2.394976852
2.763819444
1.974560185
1.535451389
1.859131944
1.680231481
2.929884259
7.157037037
5.788726852
8.205509259
6.362986111
5.461238426
4.896643519
13.34106481
25.42494213
12.54665509
25.15236111
23.32810185
12.63538194
9.320844907
5.889826389
5.685555556
4.715219907
4.417210648
4.213055556
4.122175926
4.1671875
3.7859375
9.847581019
5.729363426
4.732199074
4.699571759
2.524675926
3.021655093
2.346296296
2.17224537
2.476875
2.563784722
2.184421296
2.327407407
2.321944444
5.196956019
12.15037037
5.409085648
3.506099537
2.640844907
2.604548611
2.495289352
2.454351852
2.270266204
1.873599537
2.46306713
1.361550926
2.873159722
2.115335648
1.951990741
1.774918981
1.739398148
1.777534722
1.621122685
3.227349537
7.853599537
17.09429398
6.476354167
4.923425926
2.83662037
2.025486111
12.19472222
9.349456019
5.999131944
4.478194444
3.178020833
3.026053241
2.489502315
2.700960648
5.982048611
3.482696759
2.792696759
2.394791667
2.485821759
2.055613426
2.012268519
1.50630787
1.82224537
1.070046296
1.242824074
1.669074074
2.094618056
1.344282407
1.309421296
5.23630787
4.773854167
4.048090278
3.069097222
3.104259259
3.095231481
3.099166667
2.342199074
2.328703704
2.327662037
1.909224537
4.012673611
10.72704861
6.821145833
3.847962963
3.62212963
3.341527778
2.959814815
2.122662037
2.202430556
1.599884259
1.696608796
1.685763889
1.114780093
1.20625
1.266203704
1.275
0.8409375
0.989930556
0.630520833
0.484571759
0.702395833
0.213310185
0.720601852
0.598923611
0.587349537
0.466481481
1.192083333
0.642673611
0.700925926
0.618333333
0.629131944
0.612465278
0.281597222
0.810532407
0.419953704
0.312974537
0.422453704
0.606956019
0.25556713
0.427326389
0.426574074
0.43162037
0.333796296
0.454513889
0.1615625
1.363333333
1.130208333
0.496759259
0.314016204
0.365752315
0.175104167
0.185983796
0.354884259
0.283206019
0.518483796
0.080405093
0.109108796
0.464097222
0.089976852
0.082800926
0.610752315
0.23255787
0.085081019
0.252407407
0.393159722
0.258055556
0.205393519
0.23443287
0.396469907
0.402349537
0.216331019
0.219016204
0.232662037
0.083634259
0.549224537
0.168877315
0.174328704
0.417303241
0.097592593
0.138634259
0.089236111
0.037824074
0.102210648
0.058287037
0.0753125
0.122847222
0.092997685
0.106111111
0.12087963
0.069259259
0.041423611
0.006863426
0.06306713
0.023090278
0.020011574
0.035729167
0.102835648
0.198946759
0.016168981
0.009537037
0.041898148
0.045150463
0.018414352
0.059016204
0.197060185
0.316458333
0.229386574
0.116689815
0.230763889
0.35525463
0.184027778
0.274189815
0.005578704
0.200868056
0.201099537
0.193969907
0.18900463
0.703796296
0.389351852
0.620231481
0.202951389
0.317731481
0.19787037
0.210763889
0.338553241
0.043391204
0.248599537
0.19755787
0.170358796
0.20244213
0.323981481
0.145092593
0.445451389
0.10369213
0.069548611
0.280636574
0.152141204
0.031226852
0.277708333
0.202199074
0.777395833
1.907858796
0.18037037
1.677349537
1.054351852
0.792824074
0.559722222
0.800960648
0.641828704
0.425081019
0.293368056
0.289664352
0.291863426
0.178483796
0.428784722
0.182951389
0.543865741
0.41630787
0.287384259
0.409131944
0.039050926
0.267291667
0.310729167
0.056828704
0.562488426
0.288449074
0.186157407
0.492094907
0.081481481
0.174351852
0.289548611
0.488229167
0.492511574
0.18806713
0.334641204
0.339872685
0.175925926
0.587025463
0.486956019
0.497060185
0.39005787
0.631863426
0.251921296
0.274363426
0.372268519
0.371805556
0.366944444
0.37099537
0.370787037
0.685196759
0.586828704
0.491006944
0.492974537
0.390439815
0.585324074
1.141759259
4.620729167
3.918993056
1.106793981
0.893622685
0.692604167
0.788773148
0.514837963
0.703055556
0.471284722
0.688368056
0.478854167
0.47630787
0.473993056
0.553159722
0.300752315
0.476886574
0.477233796
0.683923611
0.266261574
0.274363426
0.688449074
0.628611111
0.477696759
0.281550926
0.471909722
0.355486111
0.372847222
0.920138889
0.411041667
0.272164352
0.486840278
6.119305556
10.94708333
7.787523148
5.118287037
