6.544756944
2.377685185
1.208761574
1.037013889
0.565752315
0.511678241
0.543900463
0.511111111
0.325486111
0.403831019
0.331030093
0.412175926
0.31818287
0.513784722
0.410775463
0.331261574
0.490289352
0.969664352
0.478125
0.741435185
0.738310185
0.644675926
0.642592593
1.198703704
4.469722222
6.081215278
3.870196759
2.720543981
2.001122685
1.794189815
2.626979167
1.988622685
1.901886574
2.815659722
1.548622685
1.519918981
1.302118056
1.404756944
3.266018519
5.066030093
2.978553241
2.055266204
1.572974537
1.26525463
1.266701389
1.067650463
1.039872685
1.172962963
0.698599537
1.063599537
0.956319444
0.853900463
0.854016204
1.381041667
1.785185185
1.299340278
0.952962963
0.846365741
0.637141204
0.84880787
0.543981481
0.539722222
0.591435185
0.63806713
0.430451389
0.741875
0.532986111
1.007233796
1.341712963
14.18759259
5.767314815
2.528148148
2.153148148
1.295601852
1.408472222
0.975347222
1.20099537
1.407326389
1.659363426
1.407094907
0.913078704
0.913877315
1.230706019
1.669861111
1.535949074
1.286805556
1.286215278
1.416006944
1.417384259
1.592858796
1.302268519
1.542314815
1.191157407
13.13064815
37.90670139
13.9455787
5.886354167
3.711087963
3.280590278
2.6034375
2.630532407
2.260659722
2.821643519
2.211550926
2.031828704
1.443530093
1.253148148
1.416851852
1.23162037
1.417893519
2.091180556
2.208541667
1.606458333
1.465115741
1.428530093
11.41013889
3.499849537
2.939814815
1.257152778
1.565833333
1.469803241
1.148287037
0.681180556
1.250486111
1.00369213
0.788229167
0.686388889
0.893865741
2.870439815
2.491944444
1.233715278
1.040150463
1.1709375
0.883645833
0.714965278
0.516203704
0.684270833
0.665914352
0.437696759
0.438564815
0.532233796
0.516203704
0.559143519
0.57025463
3.415810185
6.385173611
3.919652778
2.854826389
1.466828704
1.043483796
0.855289352
0.555289352
0.671296296
0.617326389
0.543020833
0.402233796
0.610844907
0.142962963
0.121701389
0.294513889
0.684918981
0.556458333
0.384606481
NaN
NaN
NaN
NaN
NaN
NaN
NaN
NaN
NaN
NaN
NaN
NaN
NaN
NaN
NaN
NaN
NaN
NaN
0.405416667
0.197835648
0.52974537
0.336990741
0.167337963
0.340428241
0.337951389
0.344074074
0.197777778
0.202453704
0.21837963
0.216168981
0.242569444
0.048611111
0.234502315
0.547615741
0.071828704
0.037569444
0.228078704
0.038564815
0.020162037
0.042835648
0.213414352
0.454560185
0.555648148
0.39431713
0.435023148
0.236678241
0.031319444
0.281030093
0.300532407
0.059467593
0.455497685
0.344699074
0.160034722
0.118287037
0.15806713
0.031516204
0.09962963
0.151458333
0.149537037
0.044479167
0.051412037
0.025046296
0.045219907
0.026284722
0.028298611
0.325138889
0.085729167
0.924259259
0.097673611
0.095578704
0.032638889
0.373287037
0.026574074
0.321331019
0.310185185
0.306736111
0.023229167
0.288761574
0.152326389
0.027025463
0.703113426
0.479166667
0.487395833
0.382025463
0.986261574
0.722835648
0.091481481
0.951886574
0.494571759
0.027546296
0.552025463
2.368263889
5.07369213
2.010219907
1.309988426
0.484143519
0.621458333
0.357604167
0.352974537
0.333993056
0.471064815
0.395798611
0.381481481
2.977303241
1.223101852
0.907986111
0.925925926
1.093483796
1.233090278
0.601550926
1.085833333
0.306956019
0.529050926
0.39724537
0.506608796
0.924872685
1.010659722
2.899201389
1.449884259
0.655277778
0.690821759
7.777685185
4.17369213
2.978298611
1.679895833
0.975266204
0.791898148
0.625775463
0.759259259
0.931134259
0.69181713
0.506400463
0.66662037
0.293657407
0.578159722
0.578634259
0.507060185
0.445717593
0.50625
0.280451389
0.536157407
0.351238426
0.585335648
0.428564815
0.451886574
0.527465278
0.405208333
0.323460648
0.448043981
0.296840278
0.548726852
0.704131944
0.5309375
0.239976852
0.201203704
0.449768519
0.324039352
0.401585648
0.559884259
0.561377315
0.78224537
0.285659722
0.70181713
0.532916667
0.528819444
0.607326389
0.527708333
0.563125
0.671793981
0.686886574
0.95755787
0.701666667
16.80277778
8.749212963
4.189201389
3.396076389
5.996886574
29.16857639
20.52530093
13.65555556
7.22837963
7.407094907
4.351203704
4.340416667
3.996203704
3.236898148
2.55244213
2.353287037
2.370277778
10.90760417
8.62681713
7.267592593
5.348206019
3.086354167
5.727071759
4.897222222
5.331712963
5.205219907
5.077314815
12.22082176
12.70853009
7.539259259
