1.309409722
1.697280093
1.542581019
1.829837963
3.145150463
2.298680556
4.434143519
2.452581019
2.071122685
1.164641204
1.812395833
1.491840278
0.370115741
0.790613426
0.124490741
0.40900463
0.20806713
0.126759259
0.961701389
16.22622685
34.2031713
52.02032407
23.65730324
3.827106481
10.38837963
11.6068287
3.174571759
4.679571759
7.619189815
4.361689815
3.162210648
4.755011574
37.33428241
32.17847222
36.3100463
20.55517361
4.307314815
16.18883102
6.731134259
6.594502315
3.898090278
25.79847222
7.794421296
10.59902778
5.60337963
4.652002315
5.907025463
5.082997685
2.907662037
2.403090278
2.135173611
2.998263889
4.674571759
3.479456019
2.689444444
2.202592593
2.209571759
2.223518519
2.223518519
1.521458333
1.925405093
1.841643519
1.870821759
2.58068287
2.939375
4.01875
4.208171296
3.038020833
2.54619213
2.421840278
2.243333333
1.886319444
1.706469907
1.341284722
0.757615741
1.253414352
2.673981481
2.32837963
0.021261574
0.561643519
2.143356481
2.051782407
1.437847222
10.42121528
4.070960648
3.340590278
14.97936343
5.924178241
3.660462963
2.719814815
2.122256944
1.778275463
0.710150463
2.309305556
2.52005787
9.728043981
33.19483796
5.193310185
3.273576389
5.239189815
4.398981481
6.223078704
9.811527778
5.769571759
5.695219907
9.458275463
23.75395833
13.26298611
15.79137731
9.640601852
7.042222222
4.974884259
0.23
7.995300926
7.841203704
4.951909722
13.34945602
6.546967593
6.606840278
5.873356481
7.29625
4.911238426
3.783101852
3.972175926
2.890208333
4.619699074
3.561585648
2.704293981
1.703796296
2.714826389
1.256469907
0.946134259
1.740590278
1.382326389
1.685173611
0.961481481
1.490162037
5.672349537
1.145972222
0.981898148
1.575
0.859641204
0.071469907
1.62806713
1.944733796
3.429814815
1.167546296
1.171701389
0.632025463
1.985081019
0.989027778
2.33025463
1.092638889
0.971689815
1.10087963
0.930694444
0.752175926
0.378518519
0.757013889
0.851458333
0.21275463
0.040914352
0.612650463
0.070451389
0.360208333
0.307546296
0.976076389
0.739733796
0.185532407
0.183703704
0.935636574
0.513101852
0.676493056
0.215636574
0.3
0.648680556
0.404166667
0.216666667
0.129166667
1.072372685
0.291666667
0.220833333
0.245833333
0.225
0.208333333
0.220833333
0.214814815
0.25
0.059189815
0.2125
0.025381944
0.032106481
0.027939815
0.047881944
0.225
0.212962963
0.111770833
0.238888889
0.24212963
0.023321759
0.024201389
0.166203704
0.125659722
0.027372685
0.269444444
0.234722222
0.2375
0.237962963
0.141400463
0.02587963
0.039085648
0.229166667
0.00568287
0.008912037
0.114351852
0.013356481
0.004756944
0.013321759
0.013668981
0.014560185
0.013136574
0.014363426
0.014710648
0.01262037
0.003125
0.012638889
0.013541667
0.011493056
0.012569444
0.012789352
0.013020833
0.011875
0.012962963
0.011840278
0.011601852
0.011347222
0.011324074
0.011289352
0.011231481
0.011208333
0.011099537
0.011060185
0.011002315
0.053189815
0.835099537
0.013618056
0.011858796
0.012222222
0.012377315
0.012041667
0.012233796
0.011365741
0.01137037
0.011034722
0.009837963
0.009780093
0.016446759
0.032453704
0.015277778
0.012962963
0.018159722
0.088506944
0.014571759
0.029525463
0.015798611
0.01537037
0.011168981
0.011844907
0.013601852
0.013020833
0.01494213
0.131736111
0.016331019
0.053842593
0.062175926
0.062164352
0.048680556
0.148726852
0.216041667
0.020115741
0.17755787
0.099097222
0.061215278
0.056666667
0.100821759
0.089097222
0.088113426
0.033009259
0.057997685
0.037175926
0.016342593
0.016273148
0.021909722
0.077986111
0.037118056
0.140162037
0.280023148
0.030868056
0.267939815
0.007256944
0.151273148
0.001701389
0.005868056
0.009861111
0.222118056
0.076701389
0.067939815
0.188773148
0.064201389
0.163784722
0.147106481
0.520833333
1.098298611
0.516666667
0.060034722
0.184606481
0.184606481
0.309189815
0.176273148
0.350856481
0.039201389
0.238773148
0.159606481
0.184618056
0.292511574
0.263356481
0.222106481
0.209178241
0.184618056
0.051701389
0.064201389
0.039201389
0.138773148
0.359606481
0.267523148
0.167939815
0.263356481
0.275844907
0.346689815
0.134606481
0.226273148
0.396689815
0.047534722
0.047534722
0.188773148
0.101701389
0.176851852
0.060960648
0.018368056
0.068831019
0.014305556
0.014641204
0.115162037
0.105451389
0.084108796
0.04130787
0.076701389
0.014201389
0.101712963
0.148321759
0.101701389
0.5875
1.550763889
1.463680556
0.5875
