7.217476852
5.396423611
5.164421296
5.065416667
5.228240741
5.07162037
5.163321759
4.808773148
4.667997685
4.504884259
4.35994213
4.361770833
4.361377315
4.392303241
4.332152778
4.264409722
4.471319444
4.36181713
4.361712963
4.362384259
4.360949074
4.361157407
7.69724537
7.600601852
5.916712963
5.119699074
5.119618056
5.121087963
12.35982639
8.964224537
9.346712963
7.892523148
7.221435185
7.448657407
8.089525463
7.60150463
6.17505787
5.317094907
5.489421296
5.177974537
4.680115741
4.651805556
4.639305556
4.556331019
4.221678241
3.845590278
3.483356481
3.134016204
12.12972222
75.7009838
17.78376157
12.81680556
9.201875
8.800069444
8.022719907
7.542280093
7.141956019
6.863969907
6.605949074
5.837824074
76.2177662
18.44097222
28.4319213
16.32356481
43.92878472
19.74173611
14.68020833
9.212847222
9.670462963
9.60775463
8.851203704
6.487303241
5.990914352
5.978969907
5.979027778
5.756273148
16.45336806
19.80673611
18.20193287
11.67304398
10.20268519
10.35642361
9.632141204
7.896400463
5.406030093
5.137997685
4.528819444
4.957986111
6.386331019
7.780300926
7.703275463
5.595243056
4.704212963
3.922766204
3.882372685
6.731331019
5.373113426
5.542303241
4.768333333
4.326724537
3.18380787
2.96119213
2.318414352
2.348819444
2.165451389
4.071319444
3.334988426
4.286770833
2.829305556
1.938842593
1.836608796
5.871886574
1.941921296
1.892465278
1.997361111
2.04474537
11.37178241
7.70787037
12.91711806
8.747256944
24.93644676
36.91106481
47.20607639
55.09002315
34.15950231
18.85956019
14.79266204
11.87871528
10.69353009
19.09133102
18.81260417
10.8183912
8.582673611
7.354097222
6.622071759
5.879953704
4.644513889
5.916712963
6.148020833
5.110833333
4.379236111
3.487210648
3.652847222
3.083738426
3.438090278
2.965208333
2.900173611
2.720243056
2.181631944
1.792511574
0.867789352
0.866863426
1.999826389
0.539282407
1.221030093
1.349849537
1.303287037
1.161979167
0.804976852
0.333634259
0.448576389
3.403275463
1.40400463
0.770347222
1.569247685
3.202800926
2.011469907
1.175555556
1.661018519
1.398680556
0.953576389
0.358680556
0.102233796
0.874131944
0.521284722
0.099444444
0.28943287
0.479027778
1.425162037
0.886539352
0.886585648
1.050011574
2.024305556
1.296631944
0.084293981
0.591481481
0.587928241
0.585243056
0.127013889
0.708055556
1.060625
0.933784722
0.1628125
0.155081019
0.138912037
0.141331019
0.152847222
0.149143519
0.139733796
0.1221875
0.1303125
0.128969907
0.129571759
0.141655093
0.143125
0.120289352
0.132696759
0.129212963
0.132743056
0.129780093
0.175358796
0.169328704
0.091388889
0.086840278
0.07943287
0.082627315
0.104930556
0.097743056
0.074733796
0.091840278
0.06369213
0.049965278
0.071643519
0.087592593
0.058090278
0.07318287
0.115601852
0.088043981
0.082962963
0.099571759
0.097326389
0.043900463
0.068206019
0.103854167
0.087418981
0.091157407
0.085185185
0.085659722
0.100775463
0.091412037
0.064189815
0.068344907
0.063993056
0.115196759
0.100092593
0.093217593
0.100810185
0.101712963
0.095069444
0.140405093
0.340532407
0.220474537
0.268668981
0.21375
0.213645833
0.328125
0.361828704
0.230543981
0.230960648
0.2253125
0.118888889
0.210358796
0.436365741
0.647881944
0.419768519
0.212650463
0.106875
0.468634259
0.560543981
0.527430556
0.621747685
0.292997685
0.514861111
0.039537037
0.138680556
0.133136574
0.042337963
0.147106481
0.14087963
0.288263889
0.251979167
0.487824074
0.070798611
0.025833333
0.125983796
0.158414352
0.228090278
0.232407407
0.123159722
0.231863426
0.124548611
0.131342593
0.01755787
0.124710648
0.435648148
0.235787037
0.126643519
0.124421296
0.123125
0.312673611
0.182106481
0.287800926
0.240497685
0.126539352
0.122384259
0.122511574
0.126087963
0.23025463
0.228483796
0.0225
0.233923611
0.274652778
0.161284722
0.999363426
0.785613426
0.643576389
0.230266204
0.35349537
0.23193287
0.289525463
0.285439815
0.130231481
0.231979167
0.227326389
0.299710648
0.321550926
0.001238426
0.067800926
0.296550926
0.186284722
0.122175926
0.371319444
0.178136574
0.182083333
0.177523148
0.254803241
0.230451389
0.175127315
0.370173611
0.177662037
0.257673611
0.262743056
0.291168981
0.340775463
0.398159722
0.117581019
0.101886574
0.333148148
0.261180556
0.355266204
0.3715625
0.497071759
0.454641204
0.761678241
0.462962963
0.377326389
0.379409722
0.382766204
0.76837963
2.970127315
0.869085648
0.682048611
0.546759259
0.920752315
0.629571759
