7.630092593
7.620833333
7.585104167
9.530810185
14.6284375
11.20990741
7.499236111
7.608101852
12.21572917
19.3716088
24.33914352
15.09153935
12.59435185
36.94447917
31.13140046
19.70373843
13.96763889
11.81969907
9.232175926
7.297951389
11.32480324
17.52364583
30.06797454
25.88146991
22.64247685
20.19922454
19.47659722
25.2425
19.485625
15.57195602
11.87487269
10.26305556
13.78481481
12.22694444
13.68689815
17.82498843
22.94980324
11.27128472
17.60164352
18.99388889
13.12645833
10.97780093
11.14898148
10.75456019
9.357708333
8.044074074
7.058506944
8.177094907
7.264803241
7.387314815
6.976006944
6.74849537
6.668136574
7.539641204
7.372256944
7.34974537
6.628368056
6.252777778
6.249652778
6.172453704
6.319305556
7.405509259
7.636736111
22.82875
49.87194444
20.80868056
27.6287963
26.48158565
22.03269676
16.70121528
15.31542824
16.1034375
12.9793287
11.77119213
10.41296296
10.51351852
10.50166667
9.729988426
14.25872685
24.89524306
12.96775463
13.21883102
13.01168981
21.15209491
19.38063657
15.72423611
15.06209491
14.23134259
14.85354167
16.90854167
14.15614583
13.48252315
13.27094907
12.99440972
11.7578588
9.657858796
9.255358796
9.242106481
9.246446759
8.483784722
7.926747685
7.951087963
9.642916667
18.02107639
25.03565972
12.61263889
9.963784722
8.02181713
9.890949074
13.20936343
17.83290509
25.15474537
20.47041667
28.39269676
23.67298611
17.47783565
14.61841435
27.09523148
24.14039352
14.68761574
13.38358796
12.79818287
11.62314815
26.16706019
19.42407407
14.24913194
11.70614583
10.0877662
9.478252315
8.499895833
7.649988426
7.3584375
7.349791667
6.98068287
6.751203704
6.750717593
6.404108796
6.248032407
6.263645833
5.532777778
5.179513889
4.863969907
4.767743056
4.775659722
4.47962963
4.410405093
4.411712963
4.088252315
3.978773148
4.301400463
4.410219907
4.407638889
3.766944444
3.599363426
3.606979167
3.596643519
3.604733796
3.604386574
3.604444444
3.602766204
2.841898148
2.826400463
2.828043981
1.958194444
2.075671296
2.073391204
2.093275463
2.099027778
1.085081019
0.44775463
1.075706019
0.800694444
1.34537037
1.007314815
1.162349537
1.145162037
0.945451389
0.784409722
0.923680556
0.969143519
0.782314815
1.042800926
1.040023148
1.035439815
0.861215278
0.866990741
0.853530093
0.86630787
0.696979167
0.727326389
0.638356481
0.634328704
0.46974537
0.452326389
0.287939815
0.631226852
0.287835648
0.458275463
0.101793981
0.088923611
0.090335648
0.127523148
0.087384259
0.050405093
0.052268519
0.02712963
0.051076389
0.142303241
0.160150463
0.160405093
0.046944444
0.179282407
0.014131944
0.022662037
0.028055556
0.026712963
0.023680556
0.017314815
0.023761574
0.061145833
0.06681713
0.027685185
0.030729167
0.028900463
0.025358796
0.043715278
0.147743056
0.050289352
0.068888889
0.071238426
0.056157407
0.066539352
0.077743056
0.107106481
0.048206019
0.027743056
0.051180556
0.062534722
0.034155093
0.030821759
0.040046296
0.311134259
0.185613426
0.066759259
0.053564815
0.039027778
0.052384259
0.035324074
0.044189815
0.042511574
0.045451389
0.047418981
0.033009259
0.040138889
0.067118056
0.037951389
0.044756944
0.040289352
0.054652778
0.045636574
0.061458333
0.038217593
0.038969907
0.162835648
0.062824074
0.044513889
0.045775463
0.061284722
0.042013889
0.045462963
0.139421296
0.054039352
0.039571759
0.172453704
0.164988426
0.146967593
0.131736111
0.109409722
0.422719907
0.721180556
0.464155093
0.597418981
0.722222222
0.575659722
0.134074074
0.473043981
0.716076389
0.565439815
0.545787037
0.551145833
0.706851852
0.568506944
0.364328704
0.142303241
0.116666667
0.358761574
0.36056713
0.952314815
0.218055556
0.221990741
0.218344907
0.2075
0.208101852
0.212546296
0.06619213
0.056076389
0.054918981
0.061215278
0.055671296
0.178252315
4.950405093
1.661967593
1.64380787
0.911909722
0.17931713
0.553668981
0.258587963
0.247766204
0.270648148
0.245092593
0.334282407
0.450833333
0.751388889
0.780416667
0.714502315
0.712835648
0.79568287
0.70443287
0.748321759
0.727835648
0.63068287
0.739583333
0.638078704
0.903032407
0.7184375
5.845949074
1.761284722
1.0690625
1.678113426
1.247476852
0.743854167
0.704594907
1.207002315
1.130972222
0.751157407
1.027743056
0.990949074
1.03724537
2.488252315
15.80476852
6.852418981
8.126168981
5.190590278
11.98646991
4.307534722
2.492569444
1.655243056
5.043136574
2.727881944
2.82806713
3.129409722
6.401030093
3.096493056
2.765555556
1.458668981
