0.009837963
0.011354167
0.014467593
0.035034722
0.101701389
0.350856481
0.226273148
5.267164352
1.156215278
0.782476852
0.679895833
0.475428241
0.475428241
0.849143519
0.741666667
0.616666667
0.724583333
0.840810185
0.711215278
0.5
0.98494213
0.609618056
0.451273148
0.604166667
0.5375
0.625
0.75
0.38318287
0.372789352
0.433611111
0.6
0.466666667
0.6
0.6
0.6
0.475428241
0.55
0.371261574
0.45875
0.6
0.475428241
1.098298611
7.361319444
2.401319444
21.64327546
6.647523148
8.629618056
3.598125
2.333368056
8.568391204
3.671840278
2.958472222
2.89912037
2.276747685
2.056574074
1.471053241
1.230694444
4.244502315
1.82806713
1.791226852
2.95744213
18.78635417
5.123888889
7.067962963
3.970162037
2.185081019
4.557997685
5.866886574
5.66
5.094409722
4.641493056
4.899895833
50.82074074
48.32899306
21.92158565
14.66797454
11.10078704
35.50503472
24.10082176
14.43856481
11.85096065
10.41840278
10.32600694
32.67976852
20.34427083
11.91658565
10.57232639
9.857326389
8.425486111
7.212152778
6.671481481
4.891979167
4.324826389
4.47
4.474166667
4.47
4.47
4.161493056
4.055
6.556226852
8.1221875
5.661446759
5.203819444
3.853819444
4.08
4.021666667
3.470659722
3.65
3.354826389
3.3
3.3
3.3
3.154166667
3.3
3.3
3.375
3.443090278
3.65
3.354826389
3.158333333
3.241666667
3.3
3.478506944
4.54681713
8.076099537
5.357280093
4.408159722
3.933993056
3.212152778
2.413576389
2.52
2.52
2.52
2.52
1.618981481
1.708333333
1.708333333
2.582025463
3.553506944
3.5875
3.65
5.803726852
10.27826389
5.508946759
3.837152778
4.005
2.999652778
2.503159722
2.478333333
2.147314815
1.75
1.75
1.675
1.75
1.75
1.75
1.75
1.113159722
1.25
1.25
1.25
1.2
1.595173611
1.75
1.404826389
1.25
0.921493056
0.8
0.396493056
0.329826389
0.100659722
0.2875
0.25
0.2375
0.063159722
0.042986111
0.268125
0.754166667
0.579826389
0.459652778
0.430474537
0.384652778
0.475972222
0.074583333
0.139421296
0.2421875
0.029097222
0.04849537
0.031747685
0.045752315
0.04556713
0.044398148
0.0440625
0.043935185
0.043900463
0.043831019
0.043645833
0.043252315
0.043113426
0.042106481
0.042071759
0.042118056
0.041597222
0.038043981
0.051724537
0.051701389
0.050625
0.074710648
0.048715278
0.445706019
0.044710648
0.042951389
0.041712963
0.232372685
0.122303241
0.139699074
0.12837963
0.172453704
0.083726852
0.257615741
0.049016204
0.229710648
0.062048611
0.051956019
0.050706019
0.128877315
0.048032407
0.055208333
0.216539352
0.160625
0.130127315
0.200034722
0.114803241
0.238715278
0.050127315
0.235787037
0.147210648
0.233622685
0.131793981
0.222372685
0.228958333
0.2325
0.117847222
0.075706019
0.102164352
0.054699074
0.033043981
0.035289352
0.216018519
0.051435185
0.203171296
0.118668981
0.134027778
0.207002315
0.06318287
0.051597222
0.037025463
0.145300926
0.203506944
0.003506944
0.093275463
0.003657407
0.030532407
0.197916667
0.148009259
0.137847222
0.194259259
0.341064815
0.33974537
0.147268519
0.226909722
0.300393519
0.3240625
0.147835648
0.081747685
0.265798611
0.133032407
0.265
0.410891204
0.052418981
0.062986111
0.219224537
0.256724537
0.105451389
0.30255787
0.156724537
0.30255787
0.252569444
0.260891204
0.153831019
0.153842593
0.153842593
0.30255787
0.121782407
0.016458333
0.153842593
0.220509259
0.005115741
0.005115741
0.005127315
0.005115741
2.979525463
1.194884259
0.451273148
0.30255787
0.30255787
0.302569444
0.103831019
0.30255787
0.153842593
0.159282407
0.302569444
5.053263889
6.994976852
2.294259259
2.212997685
3.723125
8.184733796
3.128252315
3.128240741
7.441134259
3.310300926
1.641041667
1.789756944
0.897407407
0.925358796
1.075949074
1.135520833
0.699351852
0.545833333
0.6
0.470833333
0.558333333
0.957013889
0.873680556
0.736840278
0.778506944
0.778506944
0.242986111
0.659756944
0.421493056
0.421493056
0.6
0.421493056
0.421493056
0.242986111
0.17630787
0.778506944
0.242986111
0.338159722
0.124050926
0.6
0.451284722
0.153831019
0.153842593
0.451284722
0.840381944
0.472118056
0.472106481
0.679166667
0.444224537
0.300486111
0.410069444
0.651284722
0.40255787
0.30255787
