1.690729167
1.510393519
1.525428241
1.336215278
0.906828704
1.527164352
2.678171296
3.163668981
2.07287037
1.629016204
1.61744213
1.795671296
1.791400463
3.419097222
2.236631944
2.38650463
1.936875
2.408506944
2.211168981
1.775416667
1.612233796
1.608773148
2.64806713
6.215034722
2.93162037
2.179340278
2.03755787
1.739548611
1.591979167
1.588819444
1.43369213
0.984375
1.596608796
1.292222222
1.152766204
1.438634259
4.415347222
2.036979167
4.127175926
4.132951389
3.256840278
3.242372685
2.0578125
2.20943287
1.609340278
1.950462963
2.116458333
1.235486111
1.765231481
1.210023148
1.560092593
1.390856481
1.56125
1.550844907
1.560092593
1.576296296
1.555474537
1.145162037
1.622071759
1.372905093
1.554305556
0.875
1.408217593
1.047719907
1.225069444
1.406701389
18.71277778
16.37115741
7.810196759
5.316759259
6.228449074
9.605798611
9.176215278
6.869803241
5.708900463
5.488287037
5.14056713
5.098703704
4.508298611
4.662407407
4.641574074
4.629421296
4.656041667
9.809803241
13.38900463
10.62872685
9.340671296
9.635277778
16.4071875
10.26244213
7.915717593
6.483541667
6.251273148
5.945763889
5.596631944
19.27002315
20.3424537
12.2722338
9.383564815
9.329143519
8.655
7.816122685
6.082905093
5.3575
5.023090278
4.94650463
4.940138889
4.954027778
4.943611111
4.938981481
4.955185185
4.940138889
4.310949074
4.118981481
4.122453704
8.065162037
7.47875
5.046805556
4.956342593
4.935509259
3.84849537
2.946643519
3.110034722
3.262731481
2.875474537
3.006342593
2.990138889
2.992453704
2.993611111
3.005185185
3.014444444
2.932268519
3.042222222
2.997083333
2.998240741
3.426909722
3.778819444
3.339733796
2.982037037
2.525439815
2.271643519
2.224768519
2.220138889
2.229976852
1.597766204
1.393946759
1.290393519
1.020462963
1.043738426
0.65181713
0.814814815
0.591168981
0.596956019
0.608530093
0.5784375
0.770833333
1.076701389
0.610844907
0.784722222
0.814814815
1.131319444
0.958599537
0.601585648
0.601585648
0.775462963
0.424224537
0.595798611
0.242256944
0.591747685
0.599849537
0.603900463
0.241087963
0.254166667
0.332233796
0.320671296
0.359305556
0.482071759
0.304606481
0.434479167
0.937673611
0.615231481
0.605381944
0.945856481
0.776145833
0.583969907
0.715173611
0.1640625
0.882106481
0.185671296
0.541458333
0.215694444
0.080081019
0.432083333
1.32375
0.152928241
0.105694444
0.286608796
0.111238426
0.099907407
0.289907407
0.293877315
0.109583333
0.284305556
0.253506944
0.11287037
0.110787037
0.273368056
0.085659722
0.454328704
7.788310185
1.1709375
0.100138889
0.129583333
0.320810185
0.642777778
0.099247685
0.105381944
0.334502315
0.355844907
0.705590278
0.361770833
0.349050926
0.132766204
0.359131944
0.12587963
0.484571759
0.148159722
0.088009259
0.093275463
0.279907407
0.393622685
0.215925926
0.076145833
0.573715278
0.368541667
0.257337963
0.211273148
0.45193287
0.374386574
0.192615741
0.088252315
0.107430556
0.100069444
0.083125
0.156157407
0.13400463
0.14099537
0.142337963
0.131481481
0.123090278
0.1365625
0.159733796
0.108391204
0.110601852
0.10787037
0.096388889
0.1371875
0.139155093
0.151469907
0.239733796
0.183159722
0.144444444
0.200625
0.270277778
0.122407407
0.174224537
0.134768519
0.161157407
0.23556713
0.141076389
0.147314815
0.154259259
0.103240741
0.123136574
0.106018519
0.090717593
0.083738426
0.112268519
0.091203704
0.127314815
0.265451389
0.446145833
0.140717593
0.321574074
0.335451389
0.357453704
0.43037037
0.139664352
0.093576389
0.108310185
0.103819444
0.123252315
0.100092593
0.119872685
0.257743056
0.089375
0.31462963
0.27724537
0.10380787
0.085613426
0.172372685
0.083645833
0.505115741
0.118217593
0.319131944
0.110231481
0.120844907
0.11869213
0.108738426
0.073969907
0.116759259
0.131354167
0.031365741
0.022523148
0.136840278
0.092685185
0.090451389
0.076041667
0.090613426
0.063912037
0.390243056
0.194456019
0.109780093
0.080289352
0.069386574
0.071736111
0.070509259
3.189976852
0.439085648
1.796666667
8.403472222
3.0884375
1.209224537
26.3009838
14.36331019
3.336076389
2.18099537
0.365613426
1.217962963
4.756157407
18.98460648
20.70202546
4.708599537
3.308923611
2.588472222
2.12494213
58.45150463
27.33079861
17.67561343
8.012141204
7.948009259
9.518935185
11.49068287
13.29060185
10.08994213
9.083553241
8.120023148
7.205856481
7.23587963
6.356215278
6.246574074
8.763831019
10.14314815
8.559027778
7.590740741
7.613888889
