0.512210648
0.643113426
0.289375
0.309571759
0.462418981
0.539131944
3.562210648
1.7021875
0.895983796
0.83494213
0.587175926
0.583680556
0.680393519
0.579236111
0.394965278
0.515243056
0.484814815
0.43150463
0.271712963
0.214456019
0.213900463
0.631018519
0.420601852
0.466967593
0.291388889
0.461354167
0.470034722
0.39162037
0.344872685
0.71931713
0.4475
0.386898148
0.796608796
1.513402778
1.212303241
20.03641204
2.871701389
3.811087963
2.913402778
0.997592593
1.039189815
1.704328704
4.012604167
2.392094907
1.561631944
2.281527778
1.42630787
1.799664352
1.82318287
1.880046296
3.479270833
5.114027778
9.797881944
54.17866898
29.41275463
16.01695602
16.41326389
19.79078704
9.220775463
6.239247685
8.845578704
11.8821412
12.65908565
12.64512731
12.61694444
11.11820602
11.76232639
9.4446875
15.47674769
15.14232639
12.82769676
10.40393519
8.221284722
7.092696759
6.386793981
7.022013889
6.772662037
6.79974537
7.680173611
7.29287037
7.402881944
7.025706019
6.803344907
6.809490741
6.211944444
4.940451389
6.570127315
6.401122685
5.90818287
4.828206019
4.770590278
4.483090278
4.42849537
4.415046296
4.430648148
3.853611111
3.822407407
3.566157407
4.013113426
6.866006944
7.651747685
7.019675926
4.940532407
4.830393519
8.856643519
15.18865741
16.98361111
19.94001157
15.13476852
9.272152778
22.84475694
26.9144213
14.34349537
9.468900463
7.792916667
5.401990741
3.837905093
4.866701389
4.833460648
3.382048611
1.756886574
3.582893519
3.732037037
3.85875
3.59037037
3.219618056
3.40400463
2.662696759
2.942349537
1.851956019
1.624039352
1.117465278
0.965740741
1.151296296
0.953564815
1.023321759
1.023321759
0.946574074
0.932638889
0.936689815
1.133275463
0.961087963
0.494155093
0.581516204
0.585532407
0.635520833
0.626805556
1.029247685
0.834965278
0.940289352
0.930868056
0.92912037
0.46630787
0.583136574
0.67962963
0.527349537
0.557592593
0.665752315
0.725648148
0.75005787
0.352939815
0.59837963
0.309976852
0.422164352
0.421006944
0.243657407
0.415185185
0.387280093
0.418703704
0.349502315
0.393969907
0.045659722
0.0453125
0.07787037
0.281400463
0.215625
0.063159722
0.06318287
0.048877315
0.085162037
0.126087963
0.150162037
0.500439815
0.032326389
0.111956019
0.376342593
0.144039352
0.149872685
0.024479167
0.120497685
0.102407407
0.16431713
0.195532407
0.034293981
0.05318287
0.172395833
0.116828704
0.035462963
0.025960648
0.05275463
0.02744213
0.180833333
0.031655093
0.310844907
0.200335648
1.600555556
0.75025463
0.217719907
0.128252315
0.037731481
0.019131944
0.013506944
0.007546296
0.074178241
0.015092593
0.014236111
0.033252315
0.049097222
0.040972222
0.029166667
0.155081019
0.069548611
0.02119213
0.018923611
0.232939815
0.055509259
0.073321759
0.087037037
0.042696759
0.259791667
0.036226852
0.254027778
0.031539352
0.04056713
0.020671296
0.0203125
0.0196875
0.136134259
0.420219907
0.020335648
0.022696759
0.300625
0.151574074
0.022824074
0.060486111
0.119467593
0.015428241
0.022881944
0.028483796
0.021793981
1.020381944
0.032314815
0.327488426
0.024895833
0.088101852
0.053240741
0.081122685
0.081122685
0.364618056
0.535509259
0.025324074
0.081122685
0.08287037
0.028831019
0.053229167
0.028819444
0.162766204
0.014027778
0.16849537
0.044178241
0.044189815
0.016863426
0.016863426
0.024571759
0.016273148
0.105555556
0.016122685
0.016238426
0.015868056
0.017638889
0.022916667
0.018263889
0.023541667
0.108518519
0.013333333
0.133148148
0.254155093
0.208715278
0.019768519
0.24931713
0.014456019
0.245902778
0.03880787
0.051782407
0.205601852
0.046655093
0.023333333
0.177546296
0.181030093
0.035787037
0.1821875
2.460648148
3.991956019
1.962175926
2.117407407
1.948229167
5.174733796
0.861851852
0.741030093
0.277430556
0.518958333
0.322685185
0.340081019
0.388946759
0.169212963
0.229641204
0.22869213
0.329618056
0.180891204
0.32962963
0.151226852
0.405034722
0.886064815
0.398043981
9.487430556
12.16439815
3.092453704
1.166134259
1.006944444
0.996446759
0.606122685
0.564247685
0.585185185
1.06625
27.67540509
16.54972222
7.262719907
5.709583333
7.655706019
10.37518519
13.26202546
13.01891204
6.415011574
29.44960648
6.832002315
2.826446759
4.647291667
2.551284722
1.539375
1.747314815
2.497731481
2.536967593
3.035381944
2.959988426
1.510115741
1.620902778
1.655902778
2.118715278
1.182395833
1.621828704
1.373726852
0.99568287
1.246805556
2.2140625
2.754664352
2.299814815
