0.408761574
0.043796296
0.292511574
0.168368056
0.238784722
0.8
0.371678241
0.284606481
0.292951389
0.197106481
0.292939815
0.172118056
0.213773148
0.313344907
0.165173611
0.579166667
0.313344907
0.351273148
11.48340278
5.409247685
1.824918981
3.182731481
6.081273148
15.97673611
3.416076389
4.5975
2.704525463
1.606423611
1.499375
1.1221875
90.6021875
25.90056713
17.90627315
13.36954861
16.29053241
21.98825231
11.49082176
16.64039352
11.85783565
8.546145833
8.131493056
7.138993056
8.787361111
8.984652778
7.066967593
6.154652778
5.626666667
7.856226852
10.48291667
8.997152778
6.392627315
5.228819444
5.161666667
23.41631944
21.84670139
14.70603009
12.28828704
13.1550463
22.55452546
13.29747685
9.275625
9.241180556
11.28118056
9.986666667
17.16780093
34.42648148
20.45240741
15.09012731
18.65021991
18.49833333
19.93583333
20.74701389
17.10960648
16.72767361
19.79622685
26.57063657
28.79809028
20.01582176
16.27179398
12.49394676
10.45597222
15.0024537
17.26512731
17.45521991
45.6616088
17.82664352
30.48584491
32.90111111
17.81491898
14.57079861
12.11113426
11.29631944
10.04631944
9.239826389
9.010833333
23.17418981
14.10425926
13.9275
14.49
13.69298611
10.4924537
9.811493056
9.57
9.57
8.530486111
7.532986111
7.05
7.05
7.075
6.017974537
4.701319444
4.828333333
4.811666667
4.859583333
4.874166667
4.978333333
4.082986111
4.08
4.03
7.051886574
6.27630787
5.866666667
5.485011574
4.527152778
4.161493056
3.758159722
3.65
3.65
3.65
4.280347222
4.948506944
4.082986111
3.429652778
2.853159722
2.068148148
1.725
1.825
1.695833333
1.754166667
1.745833333
1.79375
1.741666667
1.729166667
1.808333333
1.725
1.7125
3.240706019
3.299166667
3.483819444
3.275
3.366666667
2.05130787
1.804166667
1.683333333
1.754166667
1.383993056
1.229166667
1.291666667
1.254166667
1.620173611
1.779166667
2.677858796
2.886493056
2.515833333
2.168148148
1.446030093
0.946493056
0.820833333
0.388159722
0.325659722
0.445833333
0.8
1.144513889
0.841666667
0.272152778
0.5375
0.554166667
0.433333333
0.595833333
0.171493056
0.2375
0.220833333
0.325
0.15400463
0.02744213
0.076215278
0.248414352
0.062476852
0.183020833
0.010358796
0.094444444
0.426458333
0.059618056
0.014375
0.329803241
0.324641204
0.270856481
0.419525463
0.141678241
0.056180556
0.045439815
0.221712963
0.136516204
0.145613426
0.143414352
0.132407407
0.089201389
0.222060185
0.44787037
0.591134259
0.186284722
0.04712963
0.100671296
0.1028125
0.095509259
0.114131944
0.099733796
0.11380787
0.101319444
0.101481481
0.106354167
0.085138889
0.321898148
0.59931713
1.287673611
0.393472222
0.451180556
0.267777778
0.072858796
0.107118056
0.135694444
0.031365741
0.164444444
0.292430556
0.116585648
0.141481481
0.183576389
0.187581019
0.224722222
0.22099537
0.373958333
0.231226852
0.205335648
0.18056713
0.192916667
0.163738426
0.169247685
0.346782407
0.194583333
0.354537037
0.310300926
0.177893519
0.608055556
0.584560185
0.49599537
0.376342593
0.523344907
0.237268519
0.358298611
0.273726852
0.321134259
0.293449074
0.301331019
0.425960648
0.455856481
0.126597222
0.112164352
0.060092593
0.113101852
0.070509259
0.095497685
0.085914352
0.085902778
0.095497685
0.116342593
0.005115741
0.005127315
0.030115741
0.005115741
0.062175926
0.049675926
0.005115741
0.005115741
0.005127315
0.005115741
0.005115741
0.099675926
0.153842593
0.153831019
0.153842593
0.153842593
0.145497685
0.166342593
0.220509259
0.153842593
0.153831019
0.153842593
0.153842593
0.120497685
0.153842593
0.153842593
0.153842593
1.194872685
11.15914352
6.84625
1.768923611
0.6
0.89744213
0.507407407
0.552210648
0.410891204
0.6
0.041342593
0.153831019
0.451284722
0.153842593
0.082997685
0.121793981
0.30255787
0.30255787
0.149675926
0.335891204
0.294224537
0.238055556
0.214756944
0.0778125
0.0059375
0.090613426
0.585590278
0.433240741
4.600081019
1.930162037
3.121678241
0.443206019
0.445775463
0.837696759
0.444444444
0.442453704
0.143333333
0.290729167
0.14
0.287060185
0.07162037
0.282673611
0.28056713
0.130081019
0.276724537
0.317789352
0.276851852
0.313391204
0.229351852
0.160601852
0.117164352
0.189837963
0.162511574
0.211018519
0.20818287
0.106180556
0.241342593
0.226770833
0.195601852
0.371215278
0.455011574
0.508761574
0.17712963
