0.694456019
0.685185185
1.889421296
1.57462963
0.868055556
1.170115741
1.016782407
1.019085648
0.892939815
0.715289352
0.884259259
0.882523148
0.883680556
0.567141204
0.739016204
0.887731481
0.711226852
0.72744213
0.880787037
0.560451389
0.721388889
0.688090278
0.892361111
0.857638889
10.09797454
3.56005787
2.346006944
1.619756944
1.170127315
1.157395833
0.858796296
1.313298611
1.008425926
1.149293981
1.019097222
0.857638889
0.866898148
0.804398148
1.12150463
1.085069444
1.025451389
1.146400463
1.458275463
1.31193287
7.571539352
2.601006944
6.985416667
6.928078704
3.35443287
2.467685185
2.454953704
16.91412037
6.555428241
3.354444444
2.613206019
2.104884259
3.229918981
9.206550926
8.240740741
5.541261574
3.855902778
3.91712963
2.763576389
2.79537037
3.160277778
3.147546296
3.146388889
3.134236111
3.131921296
9.661574074
10.01017361
6.088564815
5.183391204
4.606863426
4.376446759
4.26712963
3.971956019
3.490196759
8.079340278
28.14582176
16.02267361
15.10918981
13.28489583
18.35766204
30.10607639
15.13087963
13.60927083
11.7403588
12.5899537
15.92524306
13.7815162
9.494675926
8.471539352
8.661423611
13.26434028
16.61173611
11.54454861
9.147685185
8.450127315
7.825381944
6.821909722
5.537731481
5.3575
5.052025463
4.958078704
4.955763889
4.96212963
4.669826389
4.50037037
4.253761574
4.138078704
3.702858796
3.788078704
2.995636574
2.962361111
2.984351852
4.40556713
4.149594907
4.098148148
3.543252315
3.318900463
5.365347222
4.869803241
4.521203704
4.138020833
3.799733796
3.692013889
3.728472222
3.678125
3.321215278
2.906805556
2.522546296
2.118287037
2.198726852
2.137384259
2.194675926
1.555520833
1.969247685
2.669212963
2.531805556
2.188888889
1.885381944
1.708564815
1.708564815
1.371956019
1.242361111
1.264351852
1.250462963
0.975428241
1.558634259
0.849467593
1.062731481
0.852662037
0.948726852
0.952777778
2.486215278
2.253981481
2.159097222
2.143171296
2.619444444
2.956574074
2.973935185
2.519074074
1.827511574
1.678472222
2.024803241
1.821724537
1.346493056
0.949965278
0.561539352
0.694444444
0.505520833
0.500625
0.233564815
0.395300926
0.395300926
0.420185185
0.216030093
0.20306713
0.277060185
0.262638889
0.184074074
0.182083333
0.168923611
0.270949074
0.189814815
0.317905093
0.226342593
0.262916667
0.279293981
0.232407407
0.316145833
0.257037037
0.273020833
0.239201389
0.243263889
0.235405093
0.251261574
0.257037037
0.237546296
0.209178241
0.206828704
0.17474537
0.179236111
0.260196759
0.230173611
0.191238426
0.201041667
0.253738426
0.188993056
0.486793981
0.365844907
0.096400463
0.129340278
0.122164352
0.20568287
0.24724537
0.084293981
0.255219907
0.104803241
0.259293981
0.536446759
0.123738426
0.24462963
0.116331019
0.250752315
0.246597222
0.098715278
0.239479167
0.238831019
0.244861111
0.067766204
0.090416667
0.112662037
0.082708333
0.112962963
0.267060185
0.162222222
0.115023148
0.112627315
0.114594907
0.116412037
0.085324074
0.153275463
0.380266204
0.125
0.141331019
0.146238426
0.117418981
0.201516204
0.140081019
0.140729167
0.140393519
0.162615741
0.138472222
0.186111111
0.219224537
0.203530093
0.153576389
0.123634259
0.370462963
0.242731481
0.369965278
0.248333333
0.208344907
0.22287037
0.225763889
0.139444444
0.234756944
0.217800926
0.121736111
0.165972222
0.15744213
0.174525463
0.149166667
0.270243056
0.135763889
0.144166667
0.35775463
0.409259259
0.391469907
0.3171875
0.356712963
0.259270833
0.684780093
0.209814815
0.129976852
0.101493056
0.086446759
0.094710648
0.215543981
0.11
0.630486111
0.149537037
1.124155093
0.625497685
0.419976852
0.570289352
0.50537037
0.584178241
0.729537037
0.628159722
0.580706019
0.507106481
0.254016204
0.921296296
0.756840278
0.490324074
0.760891204
0.764363426
0.488356481
0.748391204
0.148576389
0.698865741
0.651412037
0.504212963
0.549456019
0.799895833
2.990277778
2.528287037
9.711643519
4.643483796
2.525717593
1.492094907
1.119513889
0.86400463
0.986261574
0.862847222
1.733715278
0.868055556
1.122986111
0.858796296
0.859953704
0.90625
0.903935185
0.890046296
0.891203704
0.891203704
0.881944444
0.920717593
0.917824074
0.905671296
0.907407407
1.409178241
6.658668981
5.086238426
2.701215278
2.124212963
1.906319444
1.41380787
1.264930556
1.279976852
1.398761574
1.139189815
1.77943287
1.2834375
1.399918981
1.292708333
6.30693287
4.189178241
3.93943287
3.190844907
2.193657407
1.95681713
1.510034722
