0.590729167
0.503055556
0.537233796
0.28162037
0.450069444
0.803113426
0.567060185
0.56306713
0.410358796
2.491087963
3.146631944
1.339444444
1.565324074
1.325821759
12.70429398
6.392083333
3.40900463
2.341956019
3.203657407
4.093715278
2.884803241
2.241921296
9.289155093
5.608275463
11.08553241
11.04395833
5.716689815
7.817199074
44.92476852
11.65777778
8.268877315
6.605428241
20.71259259
20.77293981
23.68210648
49.01039352
17.77792824
8.787210648
7.476319444
5.901284722
4.284421296
2.819965278
5.051840278
3.716134259
3.466018519
3.443611111
3.466388889
2.94625
2.383344907
1.845590278
3.051493056
2.297673611
2.272268519
2.181412037
2.090578704
2.04724537
3.097569444
4.510532407
5.065613426
4.275
3.600462963
3.114664352
3.127083333
2.271215278
2.744525463
2.843761574
3.172939815
3.18193287
3.124803241
2.511909722
3.20443287
4.553923611
4.388900463
4.875277778
4.591574074
3.262604167
3.237893519
2.531828704
2.537430556
4.329398148
3.177465278
2.249247685
1.878796296
1.709027778
1.552280093
1.488078704
2.243842593
4.977280093
3.149398148
1.636539352
1.458483796
1.492476852
0.626597222
0.723344907
0.979976852
2.313854167
1.796365741
0.7190625
1.231643519
1.092893519
0.707627315
5.02125
2.961840278
4.897534722
3.213715278
5.221990741
6.612372685
4.11587963
2.704293981
1.985625
1.270486111
1.151157407
1.623819444
1.758958333
1.639398148
1.29400463
1.26900463
1.26900463
0.893611111
1.13943287
1.013194444
1.25900463
0.752372685
0.883611111
1.503148148
1.39150463
1.883541667
1.388576389
1.13943287
0.888611111
1.064027778
1.006516204
8.286134259
4.442037037
2.669814815
3.87150463
8.027581019
3.144328704
2.116273148
1.965219907
2.417384259
1.855243056
1.213622685
2.23974537
1.404930556
1.193449074
2.86837963
3.95724537
2.281331019
1.950555556
3.889583333
3.308703704
2.421724537
1.989548611
1.675439815
1.5190625
1.213611111
0.904513889
0.740127315
0.720451389
0.439849537
0.069097222
0.0559375
0.049050926
0.026435185
0.040231481
0.081284722
0.30275463
0.257835648
0.324583333
0.881203704
0.08037037
0.4325
0.270833333
0.258333333
0.258333333
0.266666667
0.270833333
0.283333333
0.2875
0.279166667
0.187916667
0.179594907
0.171261574
0.175428241
0.192083333
0.021689815
0.034178241
0.162928241
0.059189815
0.063344907
0.050856481
0.059178241
0.046689815
0.042511574
0.050856481
0.308333333
0.939537037
0.295833333
0.167094907
0.2625
0.021678241
0.055023148
0.046678241
0.059189815
0.071678241
0.050856481
0.055011574
0.021689815
0.020023148
0.034189815
0.013344907
0.026284722
0.013773148
0.013773148
0.013773148
0.012314815
0.011886574
0.011886574
0.010729167
0.010543981
0.010532407
0.010729167
0.010729167
0.009340278
0.008414352
0.00494213
0.007986111
0.005868056
0.00537037
0.005868056
0.00537037
0.005335648
0.005405093
0.005868056
0.011030093
0.009571759
0.007997685
0.007986111
0.008715278
0.007997685
0.009571759
0.007986111
0.010729167
0.009571759
0.009571759
0.016828704
0.014699074
0.075428241
0.075416667
0.013275463
0.009571759
0.005868056
0.00587963
0.007951389
0.005868056
0.004016204
0.002627315
0.004016204
0.002627315
0.002627315
0.004016204
0.002627315
0.002627315
0.004016204
0.004016204
0.00494213
0.003055556
0.002627315
0.001701389
0.001701389
0.001701389
0.001701389
0.00212963
0.001898148
0.001886574
0.00212963
0.001898148
0.00212963
0.001898148
0.044594907
0.010034722
0.003553241
0.002627315
0.001701389
0.002164352
0.002627315
0.001898148
0.001898148
0.001701389
0.001666667
0.001666667
0.001655093
0.001435185
0.001435185
0.001435185
0.001203704
0.00119213
0.001203704
0.001168981
0.001331019
0.001226852
0.001226852
0.001238426
0.0015625
0.002615741
0.002615741
1.380104167
1.567708333
0.808530093
0.704270833
0.107928241
0.078645833
1.121458333
1.746967593
3.421782407
8.348194444
3.589791667
0.719976852
1.035798611
0.525
6.205428241
2.294039352
1.019131944
0.358761574
0.824155093
0.367083333
0.337928241
18.37947917
6.633958333
3.452314815
0.980532407
2.449502315
3.183043981
1.063518519
0.103275463
0.601828704
0.245405093
0.208587963
0.3015625
0.486631944
0.459108796
0.142430556
0.2503125
0.630081019
0.518287037
0.581539352
9.857118056
4.420219907
1.813217593
0.84212963
0.46275463
0.466979167
0.461388889
0.677453704
0.516041667
39.83984954
7.739351852
3.343796296
2.0415625
1.402962963
1.521597222
1.383865741
0.965243056
0.930416667
