1.53375
1.252071759
1.103356481
1.089386574
1.182326389
1.568333333
1.026631944
1.010474537
0.893425926
0.907384259
1.085902778
2.409293981
2.818101852
1.572592593
18.75471065
27.53115741
27.02344907
43.04505787
17.93199074
11.29902778
8.909375
12.00040509
7.73806713
20.4102662
27.305
12.35350694
7.938344907
6.014490741
5.576215278
6.475740741
5.939583333
5.933229167
6.808854167
18.21505787
21.20607639
12.91438657
10.53578704
11.27453704
10.14878472
11.01112269
6.191226852
9.950648148
11.91118056
32.61581019
22.21327546
14.70590278
13.40850694
11.87559028
12.50375
11.67738426
11.19869213
10.98767361
11.16502315
23.20409722
55.93425926
36.19251157
12.66738426
7.636331019
7.89681713
5.393472222
6.885601852
12.3509838
9.635914352
8.151435185
6.761238426
9.938020833
11.63302083
9.840428241
10.84574074
15.15042824
10.59283565
33.36061343
41.3828588
35.29979167
24.02408565
18.60409722
17.01217593
19.8612037
17.00641204
16.83763889
21.4052662
16.42797454
15.01363426
15.65974537
18.59597222
19.51078704
17.70247685
16.88369213
17.13677083
16.69909722
14.6399537
15.45642361
28.9603588
22.86734954
18.26543981
17.799375
16.89981481
16.71924769
15.90140046
16.30608796
15.81909722
2.203923611
1.53744213
4.446701389
5.640451389
4.569490741
2.427291667
2.070219907
2.427303241
2.420335648
2.53193287
1.356261574
2.78431713
2.070289352
1.996412037
1.451076389
1.349293981
2.637465278
3.498715278
4.002222222
4.897152778
2.644780093
0.415914352
3.694097222
4.257395833
3.672951389
2.587268519
2.319224537
2.605208333
2.605208333
1.713888889
1.650462963
1.310798611
1.944513889
1.891006944
1.891006944
1.891006944
1.240219907
1.502615741
1.3421875
1.391006944
1.391006944
1.384039352
1.391006944
1.384039352
1.481689815
1.293368056
1.293368056
1.391006944
1.391006944
1.391006944
1.210428241
1.301099537
1.119756944
1.217395833
1.217395833
1.217395833
1.217395833
1.210428241
1.304583333
1.119756944
1.217395833
1.238321759
1.266226852
0.923773148
0.767395833
0.481296296
0.422060185
0.123773148
0.202280093
0.202280093
0.023773148
0.202280093
0.593078704
0.01619213
0.016793981
0.009803241
0.009814815
0.009814815
0.005069444
0.313877315
0.185486111
0.10462963
0.087141204
0.102650463
0.699675926
0.721921296
0.137696759
0.536979167
1.446967593
1.345856481
0.580787037
0.545393519
0.836134259
0.345902778
0.36400463
0.552395833
0.205833333
0.202337963
0.099537037
0.401782407
0.569305556
1.231527778
0.012511574
0.086608796
0.369733796
0.163333333
0.49244213
0.334803241
0.056724537
0.086608796
0.086597222
0.135462963
0.0590625
0.101550926
0.19306713
0.084328704
0.059247685
0.029016204
0.029918981
0.08375
0.058657407
0.111747685
0.127673611
0.13474537
0.121712963
0.657395833
0.324710648
0.346655093
0.261747685
0.148819444
0.143680556
0.198634259
0.618472222
0.404965278
0.37005787
1.075891204
0.37349537
0.145590278
0.137997685
0.121782407
0.108796296
0.285763889
0.154918981
0.084270833
0.083564815
0.09125
0.099201389
0.956458333
0.139282407
0.064131944
0.097789352
0.067858796
0.106412037
0.107407407
0.084375
0.225462963
0.108333333
0.093402778
0.162291667
0.168668981
0.102511574
0.036446759
0.051226852
0.108738426
0.036168981
0.098333333
0.076875
0.076886574
0.065659722
0.044479167
0.048240741
0.045532407
0.042141204
0.044872685
0.044479167
0.038020833
0.038032407
0.031921296
0.953263889
0.044479167
0.0390625
0.048356481
0.040925926
0.044872685
0.502303241
0.040925926
0.373229167
0.044479167
0.039421296
0.041006944
0.043425926
0.039421296
0.035358796
0.036782407
0.039224537
0.040162037
0.040162037
0.036689815
0.040162037
0.041539352
0.041539352
0.041550926
0.041145833
0.032511574
0.036064815
0.049641204
0.079710648
0.016527778
0.671226852
0.294027778
0.169444444
0.04505787
0.040185185
0.044872685
1.908796296
2.041550926
9.149282407
5.529641204
1.27119213
25.26583333
4.517743056
1.708229167
3.205891204
3.226840278
6.660081019
73.18707176
39.94287037
27.21319444
11.30368056
14.15231481
9.175208333
6.014398148
5.697974537
26.68387731
116.1747454
65.18621528
44.66369213
9.987986111
8.284155093
5.868761574
5.154814815
4.077152778
3.849166667
3.492222222
2.606655093
2.785185185
1.997881944
2.795092593
1.465868056
1.269259259
0.936597222
0.918263889
0.904907407
0.639178241
0.66880787
0.21724537
0.575601852
0.315115741
0.481006944
4.996909722
4.479930556
4.7096875
0.392523148
0.937685185
