2.482025463
6.804699074
27.36047454
11.83533565
5.017106481
3.06625
5.480335648
5.294444444
6.05849537
36.18644676
18.56849537
12.77248843
10.96965278
9.233206019
9.380196759
8.024768519
7.210763889
7.604664352
7.45224537
6.743935185
6.342592593
6.367615741
6.357210648
5.621689815
5.969594907
5.49556713
7.509861111
27.17107639
13.68648148
9.24369213
13.54121528
21.64616898
13.57960648
9.070451389
7.723032407
7.44837963
16.28244213
24.81373843
15.31722222
10.92030093
12.15045139
31.77543981
17.94896991
14.62085648
12.21118056
11.06429398
11.01972222
12.3858912
17.78005787
17.0265625
19.49903935
23.55407407
18.0046412
16.51405093
19.40731481
27.71981481
18.57177083
14.16668981
13.13309028
11.06722222
9.940462963
9.926365741
9.93712963
17.658125
14.53100694
12.55138889
10.36565972
9.941643519
29.3046875
46.22673611
24.86097222
18.99353009
15.28793981
13.02462963
13.06423611
11.30539352
10.4097338
9.865659722
7.953657407
6.353900463
7.454976852
8.822604167
6.343969907
8.86650463
8.627511574
8.62625
7.964652778
6.451331019
6.410081019
6.355555556
5.755381944
5.607222222
5.781597222
5.147152778
5.225555556
5.230185185
5.167222222
5.17625
4.637326389
4.786666667
4.763055556
3.952430556
4.234340278
6.817337963
6.826689815
7.750706019
7.475300926
6.389548611
11.98717593
18.30302083
11.67575231
8.357916667
7.637881944
7.0625
6.958981481
6.110208333
10.93648148
11.6499537
8.957638889
7.833773148
5.979652778
5.179965278
5.217222222
4.780381944
4.811666667
4.478159722
4.3425
4.924340278
4.747083333
4.508715278
4.330694444
4.393425926
3.808020833
3.616631944
3.586805556
13.99545139
15.00678241
8.3740625
7.268391204
6.108993056
45.75520833
18.0293287
13.45498843
11.03329861
10.99538194
9.283194444
7.204467593
6.388854167
6.238194444
6.239583333
5.955381944
5.321631944
4.845659722
4.817222222
4.72
7.396157407
5.919189815
5.087881944
4.806770833
4.547604167
4.3925
4.3425
4.0734375
3.686770833
3.647222222
4.114236111
4.396666667
3.530208333
3.182326389
2.849166667
2.805416667
3.305729167
3.55625
3.602777778
3.175381944
2.825555556
2.817222222
2.797083333
2.723472222
2.249340278
1.441296296
0.343576389
0.491180556
0.396064815
4.073113426
4.311041667
3.486458333
5.597430556
4.425138889
3.803263889
3.197604167
2.422314815
2.146527778
2.004861111
2.068055556
2.0125
1.345763889
0.863854167
0.843055556
1.047222222
0.819444444
0.250196759
0.458564815
0.780856481
1.129861111
0.952974537
0.433530093
0.05412037
0.051145833
0.518298611
0.339444444
0.157581019
0.301446759
0.305046296
0.25974537
0.271967593
0.285891204
0.297025463
0.311967593
0.285613426
0.259259259
0.123194444
0.210196759
0.230659722
0.255648148
0.263946759
0.225740741
0.329583333
0.259247685
0.245
0.129282407
0.179953704
0.180358796
0.193564815
0.249594907
0.262546296
0.292476852
0.246400463
0.273171296
0.240949074
0.280127315
0.246608796
0.237164352
0.169525463
0.188425926
0.086261574
0.08087963
0.060150463
0.13443287
0.110752315
0.10318287
0.077962963
0.107581019
0.133043981
0.141435185
0.118368056
0.154050926
0.141967593
0.207256944
0.264525463
0.623611111
0.593055556
0.59849537
0.274780093
0.119236111
0.118645833
0.54900463
0.547685185
0.393553241
0.544884259
0.19630787
0.2790625
0.355671296
0.476180556
0.443263889
0.5959375
0.570509259
0.218229167
0.326134259
0.292233796
0.250509259
0.226481481
0.276087963
0.199884259
0.220324074
0.25875
0.234907407
0.187326389
0.184444444
0.179803241
0.137546296
0.138136574
12.43991898
4.130520833
0.978391204
0.68900463
0.447916667
1.201064815
0.63431713
4.987743056
2.935115741
1.711319444
1.163344907
0.945798611
1.257152778
0.748090278
12.59644676
3.233206019
2.188877315
1.700173611
1.319421296
1.465034722
25.37225694
52.41266204
36.36506944
15.39863426
10.2859375
3.985821759
6.315543981
5.282002315
4.94775463
9.812685185
9.534340278
9.663530093
7.294097222
6.388854167
37.75739583
36.68074074
30.63829861
16.19311343
16.74851852
14.33561343
23.0684375
19.17791667
11.8965625
9.662430556
10.09822917
10.61280093
8.724097222
8.689710648
8.230694444
7.637986111
5.420787037
5.088240741
5.381747685
5.136655093
5.161377315
5.017222222
5.150601852
5.146180556
5.148333333
5.149050926
20.94090278
10.04996528
8.309363426
6.177835648
6.491354167
9.279652778
22.69982639
23.87108796
11.57896991
10.32576389
9.842430556
8.018171296
8.231863426
