1.422649884
2.642776273
1.358147569
1.726835069
1.629814815
1.536921296
2.005509259
1.184302199
1.102908449
0.866585648
1.123761574
1.002152778
0.888171296
0.742337963
0.90900463
1.266018519
0.90900463
0.804837963
0.715590278
0.944085648
0.996851852
0.824502315
0.743587963
0.650914352
0.769756944
0.906585648
0.907268519
1.174583333
0.965497685
1.533854167
0.945509259
1.019444444
1.106284722
1.027662037
1.215023148
0.789664352
0.48755787
0.506412037
0.772418981
0.442905093
0.696840278
0.489907407
0.774756944
0.81400463
0.536585648
1.268993056
1.234525463
1.010416667
0.821168981
0.698587963
1.022916667
0.576006944
0.679166667
0.691412037
0.656342593
0.72375
0.705081019
0.661724537
0.500497685
1.033333333
1.441585648
0.669583333
0.984583333
5.160520833
1.9009375
1.534699074
1.853321759
4.412569444
8.629965278
3.397835648
2.337349537
1.8259375
1.679652778
1.529074074
1.477673611
1.337685185
0.894097222
1.194201389
1.291203704
1.300277778
0.785671296
0.798171296
0.945914352
1.506099537
0.87849537
0.249953704
52.37974537
17.11752315
10.45912037
5.891585648
4.872546296
4.646555093
7.008699537
7.805659722
7.404398148
4.731400463
2.938113426
2.508506944
2.451087963
2.120706019
1.555196759
2.026805556
1.658773148
1.621261574
1.778668981
1.378460648
1.707164352
1.542361111
1.345115741
1.436284722
1.126643519
7.638101852
6.503877315
23.80942546
16.35472963
5.892372685
3.193506944
3.091608796
2.297406019
1.804249074
1.639351852
1.155416667
1.22287037
1.701303704
1.701786574
1.284085648
1.186884259
1.018381944
1.223564815
0.688229167
0.966354167
1.17849537
0.560983796
0.705914352
0.522800926
0.745497685
0.575810185
0.659143519
0.557384259
0.19125
0.67349537
1.726296296
1.535729167
0.870358796
0.44462963
0.54431713
0.516550926
0.556122685
0.042395833
0.284594907
0.605821759
0.56462963
0.477627315
0.326678241
0.484259259
0.247696759
0.247696759
2.263020833
1.680173611
0.4053125
0.949567593
0.47615
0.401145833
0.476157407
0.3553125
0.426145833
0.338657407
0.231458333
0.355324074
0.178680556
0.185636574
0.260625
0.149282407
0.017106481
0.272905093
0.318530093
0.087280093
0.102789352
0.037048611
0.140289352
0.359259259
0.276388889
0.456030093
0.364363426
0.021319444
0.112048611
0.484259259
0.4509375
0.368518519
0.211122685
0.103715278
0.034513889
0.04724537
0.057418981
0.021319444
0.014363426
0.017152778
0.01900463
0.014363426
0.012060185
0.012974537
0.017152778
0.013796296
0.015486111
0.017326389
0.014560185
0.016921296
0.015717593
0.014965278
0.014965278
0.012650463
0.012650463
0.013113426
0.114143519
0.048819444
0.02380787
0.026087963
0.02931713
0.032789352
0.130625
0.139375
0.036516204
0.28224537
0.016238426
0.016238426
0.134652778
0.080497685
0.046793981
0.050717593
0.050729167
0.022361111
0.021099537
0.020497685
0.016446759
0.013090278
0.014722222
0.015405093
0.014722222
0.014247685
0.012268519
0.010324074
0.0103125
0.010092593
0.009618056
0.010787037
0.011342593
0.01087963
0.009027778
0.005081019
0.004398148
0.003935185
0.003841319
0.003936458
0.003703704
0.003703704
0.003842593
0.003831019
0.003761574
0.003310185
0.006134259
0.008217593
0.004293981
0.004224537
0.003819444
0.004293981
0.003935185
0.004236111
0.003761574
0.004918981
0.005856481
0.009444444
0.011284722
0.011295139
0.004642361
0.004340278
0.003020833
0.003657407
0.005509259
0.004513889
0.006840278
0.005335648
0.803576389
0.27431713
0.23125
0.155219907
0.064236111
0.064247685
0.07931713
0.089363426
0.357949074
0.680685185
0.466273148
0.277037037
0.035199074
0.101872685
0.277821759
0.250743056
0.115891204
0.389756944
0.196574074
0.093530093
0.017025463
0.357939815
0.424618056
0.31587963
0.126875
0.205740741
0.345983796
0.238342824
0.277926389
0.309176389
0.197505787
0.251215278
0.255844907
0.057519676
0.222515046
0.206678241
0.247511574
0.131678241
0.327511574
0.26369213
0.139597917
1.477199537
1.467485417
0.770833333
8.120115278
12.99759259
3.68537037
2.3718625
1.24600787
1.146519213
0.802429167
0.648783102
0.873263889
1.484722222
1.54842662
0.763714583
1.803289583
37.10753403
6.337069907
2.605543981
47.42003472
7.795277778
18.47013889
25.62653981
6.841893056
8.366543981
1.455914352
2.068969907
5.102310648
4.361664352
1.394636111
1.280798611
1.383009259
1.077407407
1.236712963
0.828252315
1.236697222
0.879888426
0.89337963
1.5678125
12.93240741
8.257303241
16.17297454
27.15599537
38.92731481
