12.54081019
4.853368056
5.536157407
8.021388889
5.195335648
3.380173611
2.312592593
2.1421875
1.786331019
2.321851852
2.4384375
1.987395833
2.756712963
8.490636574
9.021018519
6.383032407
4.741851852
4.112523148
5.153333333
5.489444444
6.915104167
8.959201389
6.877905093
4.700405093
4.639259259
4.381076389
4.231597222
25.06199074
22.51162037
14.46159722
10.71311343
9.514641204
8.815972222
5.501805556
5.241064815
5.301006944
6.447511574
6.603587963
6.2796875
5.675914352
5.082002315
4.985277778
4.991064815
4.65130787
4.555925926
4.544351852
4.280381944
4.63619213
4.238715278
4.116666667
4.10625
4.11087963
4.056481481
4.180555556
5.365717593
5.335740741
5.32162037
5.024826389
21.56633102
26.88094907
17.19357639
23.06486111
11.60460648
11.49069444
10.86255787
10.22049769
10.04123843
29.67255787
30.90571759
19.65165509
15.09114583
17.04282407
17.83554398
15.18543981
17.10424769
16.1959838
15.0919213
11.91140046
11.24646991
10.50209491
9.902523148
7.19
5.28130787
11.48541667
16.46392361
14.28074074
13.61150463
11.54585648
10.02944444
6.605983796
5.183877315
4.323796296
4.983888889
5.816944444
6.917314815
6.691701389
6.899259259
6.013576389
4.776365741
4.767685185
4.883657407
4.758425926
4.793148148
4.776134259
4.769074074
4.776006944
4.466481481
4.357546296
7.944386574
7.584421296
13.31508102
13.56549769
9.135717593
7.151527778
4.740543981
4.336712963
7.639502315
16.42399306
13.11054398
10.12525463
8.373136574
9.017476852
7.613784722
6.433831019
6.248032407
8.939409722
6.632071759
19.29127315
13.93138889
9.871365741
7.727233796
7.03537037
6.284456019
5.617696759
6.428761574
6.644097222
5.927002315
5.076886574
5.173819444
5.160625
4.547916667
5.394849537
3.949988426
4.355115741
4.419351852
4.045428241
3.954050926
3.960416667
3.647303241
3.588425926
4.50931713
4.809837963
4.288576389
4.382893519
3.613912037
4.221064815
9.319826389
7.829722222
10.7062037
8.240324074
5.655243056
4.567592593
4.402569444
3.803043981
3.673576389
3.593055556
3.177800926
2.428113426
2.118865741
2.546527778
2.841759259
2.399664352
2.095335648
2.067013889
2.058333333
2.055787037
1.692418981
1.55974537
1.561111111
0.980405093
1.149768519
1.130208333
1.13287037
0.849270833
0.635381944
0.412037037
0.416666667
0.417824074
0.418981481
0.414351852
0.233530093
0.2190625
0.189305556
0.328090278
0.467523148
0.546944444
0.50224537
0.611238426
0.17150463
0.230775463
0.38337963
0.221550926
0.034502315
0.852407407
0.327314815
0.516493056
0.559780093
1.312013889
1.115578704
0.762719907
0.59
0.574849537
0.385821759
0.703159722
0.533101852
0.333634259
0.693321759
1.060173611
0.734988426
0.572002315
0.742071759
0.755960648
0.506574074
0.528321759
0.505601852
0.182847222
0.516145833
0.492453704
0.321608796
0.498275463
0.30818287
0.4853125
0.335162037
0.303263889
0.501111111
0.491168981
0.316145833
0.360601852
0.55568287
0.65599537
0.475752315
0.177696759
0.194479167
0.216990741
0.051689815
0.056018519
0.047916667
0.05380787
0.040081019
0.051053241
0.301666667
0.218287037
0.659293981
0.450729167
0.49125
0.331018519
0.367708333
0.336041667
0.639421296
0.184178241
0.47712963
0.634583333
0.466666667
0.465520833
0.24412037
0.221203704
0.513773148
0.243657407
0.210092593
0.506944444
0.387175926
0.532986111
0.36806713
0.218194444
0.387743056
0.215763889
0.375706019
0.365173611
0.378483796
0.212986111
0.501168981
0.147581019
0.549201389
0.181157407
0.233229167
0.251168981
0.553831019
0.373854167
0.531840278
0.252905093
0.39931713
0.44099537
0.399895833
0.397581019
0.401053241
0.399895833
0.250601852
0.251759259
0.549189815
0.248287037
0.250023148
0.696180556
0.398159722
0.308460648
0.326990741
0.251759259
0.400474537
0.406840278
0.455451389
0.236712963
0.402210648
0.483229167
0.863425926
1.73837963
0.9959375
3.838981481
1.417210648
12.44450231
6.196527778
5.162418981
2.095428241
1.464085648
1.061331019
0.429988426
1.014456019
1.083888889
0.399328704
0.686238426
0.690497685
0.568877315
0.615752315
0.440636574
0.664710648
0.627893519
0.631956019
0.627893519
0.481493056
0.468773148
0.473969907
0.57349537
0.543414352
0.620034722
0.732986111
0.415740741
13.37179398
6.838425926
2.495150463
2.178530093
0.70787037
1.815833333
0.918101852
0.878738426
1.277418981
3.22712963
2.975428241
6.855428241
4.324872685
2.162430556
1.809976852
1.802534722
1.713148148
25.32034722
30.16766204
27.35847222
15.24364583
14.90819444
