0.153842593
0.30255787
0.744444444
2.943298611
2.269259259
2.148900463
1.135520833
0.633333333
1.152847222
0.778518519
0.919479167
0.471493056
0.65625
13.29556713
4.938368056
2.763587963
1.497372685
3.991655093
2.352407407
5.303703704
3.784722222
4.929953704
18.32950231
38.0002662
32.60989583
12.18520833
9.207013889
9.714953704
5.197326389
4.958159722
4.745
4.302511574
4.3425
4.48
4.309166667
5.494513889
6.552372685
8.060347222
7.799652778
6.521481481
18.45376157
14.82171296
8.732627315
7.25
6.27630787
5.522326389
4.727152778
4.361493056
4.28
4.28
4.28
3.641493056
3.954166667
3.554826389
2.961493056
2.790833333
2.72
4.555520833
4.28
3.958159722
3.85
3.85
3.9625
3.85
3.85
3.85
12.09915509
34.65209491
11.07372685
9.261805556
6.392627315
4.522638889
4.538333333
4.259166667
4.458333333
4.419166667
4.28
4.134166667
4.28
4.184166667
4.1925
4.18
4.18
4.2175
3.658159722
3.816666667
3.783333333
3.754166667
3.841666667
3.225659722
3.5
3.3875
3.354166667
4.271180556
4.1925
3.582326389
3.745833333
3.808333333
3.733333333
2.807986111
2.77
1.963981481
1.920833333
1.891666667
1.920833333
1.895833333
1.895833333
1.95
1.854166667
1.870833333
1.879166667
1.870833333
1.875
1.879166667
1.9125
1.945833333
1.933333333
1.313159722
1.438888889
0.858993056
0.4
0.221493056
0.221493056
0.4
0.4
0.3875
0.458333333
0.221493056
0.4
0.4
0.221493056
0.4
0.221493056
0.042974537
0.042986111
1.292546296
0.4
0.757013889
0.4
0.221493056
0.4
0.042986111
0.4
0.4
0.4
0.4
0.021493056
0.4
0.221481481
0.4
0.042986111
0.042986111
0.042986111
0.4
0.117986111
0.12630787
0.167986111
0.0228125
0.325659722
0.11380787
0.117986111
0.126319444
0.0228125
0.034641204
0.117986111
0.014479167
0.014479167
0.064467593
2.07255787
2.092951389
0.056134259
0.006145833
0.064479167
0.004976852
0.009618056
0.031145833
0.004976852
0.064479167
0.006377315
0.014467593
0.014479167
NaN
NaN
NaN
NaN
NaN
NaN
NaN
NaN
NaN
NaN
NaN
NaN
NaN
NaN
NaN
NaN
NaN
NaN
NaN
NaN
NaN
NaN
NaN
NaN
NaN
NaN
NaN
NaN
NaN
NaN
NaN
NaN
NaN
NaN
NaN
NaN
NaN
NaN
NaN
NaN
NaN
NaN
NaN
NaN
NaN
NaN
NaN
NaN
NaN
NaN
NaN
NaN
NaN
NaN
NaN
NaN
NaN
NaN
NaN
NaN
NaN
NaN
NaN
NaN
NaN
NaN
NaN
NaN
NaN
NaN
NaN
NaN
NaN
NaN
NaN
NaN
NaN
NaN
NaN
NaN
NaN
NaN
NaN
NaN
NaN
NaN
NaN
NaN
NaN
NaN
NaN
NaN
NaN
NaN
NaN
NaN
NaN
NaN
NaN
NaN
NaN
NaN
NaN
NaN
NaN
NaN
NaN
NaN
NaN
NaN
NaN
NaN
NaN
NaN
NaN
NaN
NaN
NaN
NaN
NaN
NaN
NaN
NaN
NaN
NaN
NaN
NaN
NaN
NaN
NaN
NaN
NaN
NaN
NaN
NaN
NaN
NaN
NaN
NaN
NaN
NaN
NaN
NaN
NaN
NaN
NaN
NaN
NaN
NaN
NaN
NaN
NaN
NaN
NaN
NaN
NaN
NaN
NaN
NaN
NaN
NaN
NaN
NaN
NaN
NaN
NaN
NaN
NaN
NaN
NaN
NaN
NaN
NaN
NaN
NaN
NaN
NaN
NaN
NaN
NaN
NaN
NaN
NaN
NaN
