14.37601852
35.53479167
26.24023148
19.18988426
16.2359838
12.9171875
10.31363426
9.118449074
8.084780093
7.709895833
6.136018519
5.47306713
5.214560185
5.202407407
4.844490741
5.189675926
5.252175926
5.195462963
5.246388889
9.053831019
6.204027778
5.844490741
5.844490741
5.779675926
5.823657407
4.791319444
4.8325
7.000219907
11.95540509
14.94165509
13.12929398
10.29916667
7.797083333
6.085601852
5.170775463
5.309583333
5.680532407
5.320462963
5.260277778
4.79775463
4.844872685
6.537592593
7.033981481
5.459803241
5.209351852
4.930590278
4.822569444
4.823055556
5.174618056
5.241759259
4.929918981
12.77103009
32.32787037
16.40037037
47.46758102
42.74378472
21.70905093
19.59697917
20.11070602
31.176875
17.55092593
14.39011574
12.28082176
11.76481481
16.01424769
27.20865741
14.74178241
11.88460648
11.84564815
11.83152778
38.72946759
26.37059028
18.024375
15.54524306
22.76668981
20.28390046
20.45166667
19.7058912
18.75085648
21.90849537
20.23489583
33.51224537
22.83836806
19.66493056
17.20435185
15.43679398
13.088125
12.42579861
11.25826389
9.681793981
10.17614583
9.48875
9.904722222
9.642222222
8.780300926
8.264363426
7.652928241
8.059537037
8.065787037
7.685335648
7.340162037
7.400115741
6.740231481
7.935625
7.463148148
6.76099537
5.916041667
5.77962963
5.747268519
5.799074074
6.127210648
6.7803125
6.970324074
5.565648148
5.762314815
5.793912037
5.776203704
5.409479167
7.404305556
8.074479167
12.4675463
9.474085648
6.786145833
5.978634259
6.269675926
5.909895833
4.727083333
4.791990741
4.460335648
4.69837963
4.818032407
4.785046296
4.760509259
4.257372685
4.392731481
4.38
4.421087963
4.40025463
4.385787037
4.0703125
3.966203704
3.237731481
2.825787037
2.86818287
2.8296875
2.897546296
2.873819444
2.121851852
2.136805556
2.096296296
2.136226852
1.499965278
1.635648148
2.38244213
3.799155093
3.642824074
2.304293981
2.504861111
5.087743056
3.612546296
3.624490741
2.283321759
2.920162037
3.623344907
2.744247685
2.041898148
2.063888889
2.065046296
2.066203704
1.728553241
1.554050926
1.590393519
1.272997685
0.892789352
0.863657407
0.886226852
0.867708333
0.372303241
0.45775463
0.139456019
0.227326389
0.614201389
0.593726852
0.624548611
0.752048611
0.584189815
0.617256944
0.959872685
0.971053241
2.21150463
1.87837963
5.169976852
0.817395833
0.832453704
0.802349537
0.467326389
0.823761574
0.675347222
0.620949074
0.466469907
0.479791667
0.486736111
0.506678241
0.335115741
0.543715278
0.717592593
0.327581019
0.712384259
0.717592593
0.537349537
0.694444444
0.311967593
0.544085648
0.543923611
0.315439815
0.191354167
0.017523148
2.083460648
4.770868056
4.811377315
0.381481481
0.012789352
0.650613426
0.018553241
0.282928241
0.172696759
0.391261574
0.494525463
0.505520833
0.523449074
0.550081019
0.368680556
0.311388889
0.388935185
0.40224537
0.121261574
0.31193287
0.253020833
0.012268519
0.04875
0.071678241
0.019513889
0.019108796
0.049386574
0.023923611
0.061018519
0.04962963
0.04806713
0.075729167
0.028958333
0.063125
0.074143519
0.028298611
0.052986111
0.026956019
0.260763889
0.214363426
0.026296296
0.176666667
0.343900463
0.378043981
0.231516204
0.063020833
0.341747685
0.195335648
0.546053241
0.372708333
0.225138889
0.815231481
0.809768519
1.102997685
0.803472222
0.50244213
0.519918981
0.671886574
0.214722222
0.663784722
0.664930556
0.515069444
0.366331019
0.366342593
0.510428241
0.365185185
0.512743056
0.365185185
0.511585648
0.513900463
0.215300926
0.534733796
0.359398148
0.495381944
0.597233796
0.156284722
0.618634259
0.539363426
0.527222222
0.225138889
0.660300926
0.375601852
0.410902778
0.420162037
0.275486111
0.562511574
0.261597222
0.248877315
0.685763889
0.539363426
0.386597222
0.235555556
0.532418981
0.547465278
0.486134259
0.240185185
0.417847222
0.5353125
0.232083333
0.682303241
0.537048611
0.491909722
0.324675926
0.531840278
0.354178241
0.473981481
0.383703704
0.500590278
0.516793981
0.789710648
0.579293981
0.556377315
0.138333333
0.766215278
0.389490741
0.522581019
0.550358796
0.530104167
0.467604167
0.408009259
0.559039352
0.52431713
0.527210648
0.526284722
0.38462963
0.380231481
0.5196875
0.685196759
0.526053241
0.656828704
0.541446759
0.544236111
0.528946759
0.535891204
0.538784722
2.862581019
2.493738426
1.462928241
2.458263889
10.3531713
3.219803241
1.604710648
0.967002315
1.007523148
1.279490741
0.9959375
0.835648148
0.83912037
