13.00340278
16.12767361
9.431041667
7.719050926
6.824884259
12.34905093
14.07981481
37.63299769
17.36741898
35.28043981
21.69208333
15.93505787
14.46170139
13.57520833
11.53417824
10.9918287
10.72625
10.4690162
27.09674769
17.28582176
11.74012731
8.269895833
12.42966435
9.401226852
58.26109954
58.81267361
50.3625
19.69777778
15.60729167
15.67486111
16.27006944
15.8259838
13.10430556
11.19321759
9.672071759
44.59675926
21.76581019
14.74513889
12.34594907
10.69131944
10.56731481
9.848530093
8.840138889
8.372465278
8.119722222
8.103865741
8.127708333
8.126550926
8.123078704
7.327951389
7.410763889
7.410300926
6.210335648
6.333564815
6.853356481
6.012372685
5.530173611
5.354027778
6.802048611
7.837696759
8.237141204
10.3205787
14.97326389
15.96908565
10.38554398
9.42125
8.156342593
6.946469907
7.741770833
7.046597222
6.773148148
6.772337963
6.772222222
6.755787037
7.119074074
6.282048611
6.307523148
5.692696759
5.921678241
NaN
NaN
NaN
NaN
NaN
NaN
NaN
NaN
NaN
NaN
NaN
NaN
NaN
NaN
NaN
NaN
NaN
NaN
NaN
NaN
NaN
NaN
NaN
NaN
NaN
NaN
NaN
NaN
NaN
NaN
NaN
NaN
NaN
NaN
NaN
NaN
NaN
NaN
NaN
NaN
NaN
NaN
NaN
NaN
NaN
NaN
NaN
NaN
NaN
NaN
NaN
NaN
NaN
NaN
NaN
NaN
NaN
NaN
NaN
NaN
NaN
NaN
NaN
NaN
NaN
NaN
NaN
NaN
NaN
NaN
NaN
NaN
2.121759259
2.121759259
2.166666667
2.134143519
2.138541667
2.140856481
2.526435185
2.122337963
2.15212963
1.795983796
1.64375
1.310902778
0.94712963
0.769525463
0.617013889
0.443831019
0.625810185
0.63287037
0.668402778
0.716793981
0.163101852
0.363217593
0.504756944
0.375844907
0.382054398
0.393981481
1.15587963
0.681388889
0.650474537
0.555729167
0.177048611
0.123229167
0.5228125
0.041770833
0.091770833
0.028344907
0.012615741
0.05056713
0.241909722
0.571053241
0.239166667
0.022326389
0.86806713
0.037997685
0.174872685
0.230300926
0.450451389
0.383900463
0.168240741
0.114166667
0.288865741
0.097280093
0.440810185
0.068969907
0.256840278
0.578726852
0.376261574
0.548530093
0.47125
0.93380787
0.39568287
0.623773148
0.330543981
0.920405093
0.467418981
0.457592593
0.143877315
0.558819444
0.32150463
0.378611111
0.297523148
0.106122685
0.517719907
0.19806713
0.338761574
0.222199074
0.355173611
0.500810185
0.386793981
0.349467593
0.499305556
0.190451389
0.1825
0.271851852
0.378587963
0.373159722
0.207696759
0.639699074
0.204178241
0.223078704
0.225243056
0.215902778
0.009930556
0.457986111
0.165335648
0.32037037
0.012685185
0.304409722
0.42619213
0.176944444
0.306967593
0.449456019
0.199675926
0.497777778
0.2934375
0.292210648
0.18037037
0.174583333
0.30494213
0.17087963
0.426736111
0.178171296
0.55974537
0.60025463
0.227048611
0.610590278
0.592939815
0.033090278
0.27068287
0.261076389
0.338391204
0.231296296
0.204097222
0.13693287
0.222002315
0.208703704
0.349282407
0.010046296
0.010613426
0.291747685
0.406365741
0.525740741
0.278900463
0.241863426
0.464814815
0.2721875
0.266446759
1.243159722
1.281863426
0.627511574
1.700960648
1.179270833
1.0315625
0.276701389
0.654594907
0.495289352
0.512430556
0.432175926
0.403009259
0.500046296
0.272303241
0.496793981
0.773148148
0.644525463
0.669988426
0.398263889
0.356608796
0.529780093
0.530949074
0.247071759
0.517048611
0.352546296
0.530219907
0.383796296
0.395949074
0.400011574
0.383796296
0.274270833
0.362731481
0.442476852
0.504328704
0.406365741
0.318831019
0.227824074
0.2909375
0.533796296
0.46193287
0.25818287
0.371377315
0.336770833
0.576655093
1.521759259
1.428425926
0.664780093
0.750578704
0.51994213
0.507800926
0.554085648
0.521689815
0.528622685
0.678668981
1.143981481
0.867627315
2.591423611
16.21633102
26.33412037
11.18530093
3.981342593
2.840185185
1.628425926
1.493599537
1.332152778
1.16837963
1.0740625
0.953125
5.242847222
2.66994213
4.540462963
2.696087963
2.828611111
2.505717593
2.866226852
10.85892361
13.37288194
