27.73461806
6.815474537
3.674988426
2.538344907
9.4078125
7.355138889
3.118217593
2.101215278
4.62193287
11.15578704
4.023125
2.836018519
2.534178241
18.18453704
50.30923611
12.80778935
7.963078704
8.452743056
8.438009259
8.81474537
21.84115741
24.38789352
17.28792824
9.965289352
9.947430556
6.972453704
4.54025463
4.646122685
7.695729167
7.18130787
6.922824074
6.11462963
5.483923611
3.703298611
3.859513889
8.867858796
5.362349537
5.049351852
3.601145833
3.080694444
3.008032407
3.837523148
3.28431713
2.917071759
2.470960648
2.155439815
1.993703704
1.614189815
2.900902778
4.412719907
4.022141204
4.162268519
4.383981481
4.168634259
4.169212963
3.646793981
5.898587963
7.861261574
5.929259259
18.51086806
13.37325231
12.84521991
12.87226852
6.036469907
6.2865625
6.249513889
5.581539352
5.071238426
4.603611111
4.947638889
4.682372685
4.557199074
4.563333333
4.541597222
4.232280093
4.119837963
3.7846875
3.641550926
4.02337963
3.361840278
3.002175926
3.02
3.011782407
2.989907407
3.040902778
2.264143519
2.147685185
2.243634259
2.243611111
3.394953704
8.752222222
5.995520833
4.540578704
4.205520833
4.110671296
3.632372685
3.75474537
3.80775463
3.773032407
3.804976852
3.788726852
3.753587963
11.72123843
10.84483796
13.79100694
15.87315972
18.40153935
22.46399306
12.17306713
7.538020833
6.219537037
4.941006944
5.705497685
6.245486111
5.577534722
5.376597222
4.807928241
4.921388889
13.40299769
8.682291667
5.868634259
4.989363426
4.594328704
4.504849537
4.167719907
4.06005787
4.083275463
4.06712963
3.543715278
3.676967593
3.700046296
3.217847222
2.942650463
2.882905093
2.936956019
2.894768519
2.896273148
2.933194444
1.699108796
1.640787037
1.686666667
1.726990741
1.600115741
1.875347222
1.739699074
4.05244213
3.916168981
3.390891204
2.57775463
1.693449074
1.494097222
0.565324074
0.698263889
0.739305556
0.200983796
0.494039352
0.757071759
0.59630787
0.604328704
0.413263889
0.62681713
0.2884375
0.614259259
0.065625
0.603020833
0.894733796
0.346469907
0.524791667
0.567037037
0.422592593
0.486898148
0.287395833
0.119178241
0.835833333
0.305381944
0.3353125
0.294791667
0.342372685
0.203009259
0.393298611
0.957071759
0.405416667
0.197835648
0.52974537
0.336990741
0.167337963
0.340428241
0.337951389
0.344074074
0.197777778
0.202453704
0.21837963
0.216168981
0.242569444
0.048611111
0.234502315
0.547615741
0.071828704
0.037569444
0.228078704
0.038564815
0.020162037
0.042835648
0.213414352
0.454560185
0.555648148
0.39431713
0.435023148
0.236678241
0.031319444
0.281030093
0.300532407
0.059467593
0.455497685
0.344699074
0.160034722
0.118287037
0.15806713
0.031516204
0.09962963
0.151458333
0.149537037
0.044479167
0.051412037
0.025046296
0.045219907
0.026284722
0.028298611
0.325138889
0.085729167
0.924259259
0.097673611
0.060856481
0.032638889
0.373287037
0.026574074
0.321331019
0.310185185
0.306736111
0.023229167
0.288761574
0.152326389
0.027025463
0.037546296
0.364872685
0.043148148
0.012418981
0.049849537
0.27431713
0.457939815
0.73287037
0.561886574
0.76087963
0.013946759
0.343865741
0.045138889
0.119282407
0.050451389
0.025798611
0.015416667
0.0365625
0.237523148
0.03443287
0.566944444
0.419293981
0.269571759
0.27494213
0.306990741
0.319479167
0.31662037
0.088356481
0.682847222
0.015613426
0.505358796
0.259756944
0.746099537
0.022893519
0.269259259
0.284085648
0.128391204
0.404421296
0.291053241
0.202002315
0.50693287
0.08962963
0.10275463
0.348877315
0.451539352
0.185925926
0.404548611
0.096168981
0.345219907
0.255208333
0.237974537
0.139409722
0.345752315
0.358726852
0.219421296
0.35806713
0.137083333
0.0340625
0.258101852
0.336782407
0.249363426
0.126111111
0.124837963
0.124675926
0.109513889
0.142071759
0.178101852
0.399652778
0.399085648
0.245208333
0.55931713
0.38462963
0.322326389
0.173530093
0.477731481
0.221956019
0.157777778
0.149097222
0.059826389
0.312673611
0.01380787
0.278148148
0.122233796
0.006412037
0.23787037
0.124328704
0.29875
0.250949074
0.020405093
0.011678241
0.254328704
0.164513889
0.171446759
0.043321759
0.463078704
0.154884259
0.393993056
0.375474537
0.251990741
0.025509259
0.020520833
0.159166667
0.080358796
0.233344907
0.149097222
0.227453704
0.429872685
0.257673611
0.077523148
0.080173611
0.158993056
0.070752315
0.149965278
0.504525463
0.627303241
1.709918981
0.948009259
0.642361111
0.64375
0.809606481
1.061550926
6.943483796
